0 0
2.26757e-05 0
4.53515e-05 1.19209e-07
6.80272e-05 -2.38419e-07
9.07029e-05 2.38419e-07
0.000113379 -3.57628e-07
0.000136054 3.57628e-07
0.00015873 -4.76837e-07
0.000181406 3.57628e-07
0.000204082 -3.57628e-07
0.000226757 2.38419e-07
0.000249433 -2.38419e-07
0.000272109 2.38419e-07
0.000294785 -1.19209e-07
0.00031746 2.38419e-07
0.000340136 -1.19209e-07
0.000362812 1.19209e-07
0.000385488 0
0.000408163 0
0.000430839 1.19209e-07
0.000453515 -1.19209e-07
0.00047619 1.19209e-07
0.000498866 -1.19209e-07
0.000521542 2.38419e-07
0.000544218 -2.38419e-07
0.000566893 2.38419e-07
0.000589569 -2.38419e-07
0.000612245 2.38419e-07
0.000634921 -2.38419e-07
0.000657596 1.19209e-07
0.000680272 -1.19209e-07
0.000702948 0
0.000725624 1.19209e-07
0.000748299 -2.38419e-07
0.000770975 3.57628e-07
0.000793651 -3.57628e-07
0.000816327 4.76837e-07
0.000839002 -3.57628e-07
0.000861678 2.38419e-07
0.000884354 -2.38419e-07
0.000907029 2.38419e-07
0.000929705 -1.19209e-07
0.000952381 1.19209e-07
0.000975057 0
0.000997732 0
0.00102041 0
0.00104308 0
0.00106576 0
0.00108844 1.19209e-07
0.00111111 -2.38419e-07
0.00113379 3.57628e-07
0.00115646 -3.57628e-07
0.00117914 3.57628e-07
0.00120181 -3.57628e-07
0.00122449 3.57628e-07
0.00124717 -2.38419e-07
0.00126984 2.38419e-07
0.00129252 -1.19209e-07
0.00131519 0
0.00133787 1.19209e-07
0.00136054 -2.38419e-07
0.00138322 3.57628e-07
0.0014059 -3.57628e-07
0.00142857 3.57628e-07
0.00145125 -3.57628e-07
0.00147392 2.38419e-07
0.0014966 -1.19209e-07
0.00151927 0
0.00154195 2.38419e-07
0.00156463 -4.76837e-07
0.0015873 5.96046e-07
0.00160998 -5.96046e-07
0.00163265 5.96046e-07
0.00165533 -5.96046e-07
0.001678 4.76837e-07
0.00170068 -3.57628e-07
0.00172336 2.38419e-07
0.00174603 -1.19209e-07
0.00176871 1.19209e-07
0.00179138 0
0.00181406 -1.19209e-07
0.00183673 2.38419e-07
0.00185941 -3.57628e-07
0.00188209 3.57628e-07
0.00190476 -3.57628e-07
0.00192744 3.57628e-07
0.00195011 -3.57628e-07
0.00197279 2.38419e-07
0.00199546 -1.19209e-07
0.00201814 0
0.00204082 1.19209e-07
0.00206349 -2.38419e-07
0.00208617 3.57628e-07
0.00210884 -4.76837e-07
0.00213152 4.76837e-07
0.0021542 -4.76837e-07
0.00217687 4.76837e-07
0.00219955 -3.57628e-07
0.00222222 2.38419e-07
0.0022449 0
0.00226757 -1.19209e-07
0.00229025 2.38419e-07
0.00231293 -3.57628e-07
0.0023356 3.57628e-07
0.00235828 -4.76837e-07
0.00238095 4.76837e-07
0.00240363 -4.76837e-07
0.0024263 4.76837e-07
0.00244898 -3.57628e-07
0.00247166 2.38419e-07
0.00249433 -1.19209e-07
0.00251701 0
0.00253968 1.19209e-07
0.00256236 -2.38419e-07
0.00258503 3.57628e-07
0.00260771 -3.57628e-07
0.00263039 3.57628e-07
0.00265306 -2.38419e-07
0.00267574 2.38419e-07
0.00269841 -2.38419e-07
0.00272109 1.19209e-07
0.00274376 0
0.00276644 0
0.00278912 1.19209e-07
0.00281179 -2.38419e-07
0.00283447 2.38419e-07
0.00285714 -2.38419e-07
0.00287982 3.57628e-07
0.00290249 -3.57628e-07
0.00292517 3.57628e-07
0.00294785 -2.38419e-07
0.00297052 2.38419e-07
0.0029932 -1.19209e-07
0.00301587 0
0.00303855 1.19209e-07
0.00306122 -1.19209e-07
0.0030839 2.38419e-07
0.00310658 -2.38419e-07
0.00312925 2.38419e-07
0.00315193 -2.38419e-07
0.0031746 2.38419e-07
0.00319728 -2.38419e-07
0.00321995 1.19209e-07
0.00324263 0
0.00326531 -1.19209e-07
0.00328798 1.19209e-07
0.00331066 -3.57628e-07
0.00333333 3.57628e-07
0.00335601 -3.57628e-07
0.00337868 3.57628e-07
0.00340136 -3.57628e-07
0.00342404 3.57628e-07
0.00344671 -3.57628e-07
0.00346939 3.57628e-07
0.00349206 -2.38419e-07
0.00351474 2.38419e-07
0.00353741 -2.38419e-07
0.00356009 2.38419e-07
0.00358277 -1.19209e-07
0.00360544 1.19209e-07
0.00362812 -1.19209e-07
0.00365079 0
0.00367347 0
0.00369615 0
0.00371882 0
0.0037415 -1.19209e-07
0.00376417 1.19209e-07
0.00378685 -2.38419e-07
0.00380952 2.38419e-07
0.0038322 -3.57628e-07
0.00385488 3.57628e-07
0.00387755 -3.57628e-07
0.00390023 3.57628e-07
0.0039229 -3.57628e-07
0.00394558 3.57628e-07
0.00396825 -2.38419e-07
0.00399093 2.38419e-07
0.00401361 -1.19209e-07
0.00403628 1.19209e-07
0.00405896 -1.19209e-07
0.00408163 1.19209e-07
0.00410431 -1.19209e-07
0.00412698 1.19209e-07
0.00414966 -1.19209e-07
0.00417234 1.19209e-07
0.00419501 0
0.00421769 0
0.00424036 0
0.00426304 0
0.00428571 1.19209e-07
0.00430839 -2.38419e-07
0.00433107 2.38419e-07
0.00435374 -3.57628e-07
0.00437642 3.57628e-07
0.00439909 -3.57628e-07
0.00442177 2.38419e-07
0.00444444 -2.38419e-07
0.00446712 2.38419e-07
0.0044898 -1.19209e-07
0.00451247 0
0.00453515 0
0.00455782 0
0.0045805 1.19209e-07
0.00460317 -1.19209e-07
0.00462585 2.38419e-07
0.00464853 -2.38419e-07
0.0046712 3.57628e-07
0.00469388 -2.38419e-07
0.00471655 3.57628e-07
0.00473923 -2.38419e-07
0.0047619 2.38419e-07
0.00478458 -2.38419e-07
0.00480726 2.38419e-07
0.00482993 -2.38419e-07
0.00485261 2.38419e-07
0.00487528 -1.19209e-07
0.00489796 1.19209e-07
0.00492063 -1.19209e-07
0.00494331 0
0.00496599 -1.19209e-07
0.00498866 0
0.00501134 0
0.00503401 0
0.00505669 0
0.00507937 -1.19209e-07
0.00510204 1.19209e-07
0.00512472 -1.19209e-07
0.00514739 2.38419e-07
0.00517007 -2.38419e-07
0.00519274 2.38419e-07
0.00521542 -2.38419e-07
0.0052381 2.38419e-07
0.00526077 -1.19209e-07
0.00528345 1.19209e-07
0.00530612 -1.19209e-07
0.0053288 1.19209e-07
0.00535147 -2.38419e-07
0.00537415 2.38419e-07
0.00539683 -2.38419e-07
0.0054195 1.19209e-07
0.00544218 -1.19209e-07
0.00546485 1.19209e-07
0.00548753 0
0.0055102 0
0.00553288 1.19209e-07
0.00555556 -1.19209e-07
0.00557823 2.38419e-07
0.00560091 -2.38419e-07
0.00562358 2.38419e-07
0.00564626 -2.38419e-07
0.00566893 2.38419e-07
0.00569161 -2.38419e-07
0.00571429 2.38419e-07
0.00573696 -3.57628e-07
0.00575964 3.57628e-07
0.00578231 -3.57628e-07
0.00580499 2.38419e-07
0.00582766 7.27177e-05
0.00585034 0.000237107
0.00587302 0.000427604
0.00589569 0.000585794
0.00591837 0.000656724
0.00594104 0.000646949
0.00596372 0.000608683
0.00598639 0.000574231
0.00600907 0.000568032
0.00603175 0.00059247
0.00605442 0.000639081
0.0060771 0.000677466
0.00609977 0.000678062
0.00612245 0.000631213
0.00614512 0.000547528
0.0061678 0.000453234
0.00619048 0.000368834
0.00621315 0.00030756
0.00623583 0.000260353
0.0062585 0.00019443
0.00628118 8.7142e-05
0.00630385 -7.03335e-05
0.00632653 -0.000276446
0.00634921 -0.000501633
0.00637188 -0.000709295
0.00639456 -0.000906706
0.00641723 -0.0011133
0.00643991 -0.00140691
0.00646259 -0.00179708
0.00648526 -0.0021528
0.00650794 -0.00233781
0.00653061 -0.0023222
0.00655329 -0.00216901
0.00657596 -0.00204313
0.00659864 -0.00205839
0.00662132 -0.00214016
0.00664399 -0.00214565
0.00666667 -0.00212109
0.00668934 -0.00222421
0.00671202 -0.00249791
0.00673469 -0.00263262
0.00675737 -0.00217211
0.00678005 -0.00130677
0.00680272 -0.00128973
0.0068254 -0.0035001
0.00684807 -0.00772154
0.00687075 -0.0112861
0.00689342 -0.0106746
0.0069161 -0.0047406
0.00693878 0.00390995
0.00696145 0.0104243
0.00698413 0.0107477
0.0070068 0.00417995
0.00702948 -0.00613034
0.00705215 -0.0154583
0.00707483 -0.0204057
0.00709751 -0.0203748
0.00712018 -0.0172557
0.00714286 -0.0138278
0.00716553 -0.0120384
0.00718821 -0.0117921
0.00721088 -0.0115341
0.00723356 -0.00997198
0.00725624 -0.0068481
0.00727891 -0.00259721
0.00730159 0.00236869
0.00732426 0.00769544
0.00734694 0.0132345
0.00736961 0.0191559
0.00739229 0.0253552
0.00741497 0.0312383
0.00743764 0.0356627
0.00746032 0.0368704
0.00748299 0.0335685
0.00750567 0.0265589
0.00752834 0.0183169
0.00755102 0.0113337
0.0075737 0.00726569
0.00759637 0.00652122
0.00761905 0.00713015
0.00764172 0.00513542
0.0076644 -0.00256968
0.00768707 -0.0156018
0.00770975 -0.0296161
0.00773243 -0.0382484
0.0077551 -0.0368428
0.00777778 -0.0250543
0.00780045 -0.00612903
0.00782313 0.0150486
0.0078458 0.0336539
0.00786848 0.0467449
0.00789116 0.0534539
0.00791383 0.0539823
0.00793651 0.0491031
0.00795918 0.0398648
0.00798186 0.0275239
0.00800454 0.0138671
0.00802721 0.00162625
0.00804989 -0.00599778
0.00807256 -0.00708866
0.00809524 -0.00243413
0.00811791 0.00525832
0.00814059 0.0135896
0.00816327 0.0215373
0.00818594 0.0285976
0.00820862 0.0337126
0.00823129 0.035516
0.00825397 0.0334255
0.00827664 0.0284374
0.00829932 0.0218525
0.008322 0.0140419
0.00834467 0.00519264
0.00836735 -0.0035044
0.00839002 -0.00986886
0.0084127 -0.011833
0.00843537 -0.00894701
0.00845805 -0.00337434
0.00848073 0.00110674
0.0085034 0.00131941
0.00852608 -0.00374734
0.00854875 -0.0127014
0.00857143 -0.0228913
0.0085941 -0.031806
0.00861678 -0.0382216
0.00863946 -0.0423704
0.00866213 -0.0451707
0.00868481 -0.0472386
0.00870748 -0.0487111
0.00873016 -0.0501786
0.00875283 -0.0536202
0.00877551 -0.0616826
0.00879819 -0.075448
0.00882086 -0.0926989
0.00884354 -0.108181
0.00886621 -0.116189
0.00888889 -0.113652
0.00891156 -0.101303
0.00893424 -0.083434
0.00895692 -0.0663155
0.00897959 -0.0545411
0.00900227 -0.0479702
0.00902494 -0.0422869
0.00904762 -0.0322251
0.00907029 -0.0151211
0.00909297 0.00664747
0.00911565 0.0262295
0.00913832 0.0361894
0.009161 0.0324904
0.00918367 0.0162469
0.00920635 -0.00639749
0.00922902 -0.0264611
0.0092517 -0.0359221
0.00927438 -0.0310514
0.00929705 -0.0137417
0.00931973 0.00978243
0.0093424 0.0323355
0.00936508 0.04904
0.00938776 0.0584172
0.00941043 0.0617995
0.00943311 0.0619239
0.00945578 0.0618047
0.00947846 0.0641999
0.00950113 0.0707229
0.00952381 0.0810305
0.00954649 0.0930167
0.00956916 0.103822
0.00959184 0.110928
0.00961451 0.112118
0.00963719 0.105123
0.00965986 0.0884621
0.00968254 0.0634506
0.00970522 0.0350856
0.00972789 0.0100363
0.00975057 -0.00667906
0.00977324 -0.0135845
0.00979592 -0.0119591
0.00981859 -0.00369775
0.00984127 0.00925875
0.00986395 0.0236911
0.00988662 0.0353872
0.0099093 0.0418696
0.00993197 0.0436034
0.00995465 0.0426513
0.00997732 0.0402052
0.01 0.0352756
0.0100227 0.0263585
0.0100454 0.0140423
0.010068 0.0013212
0.0100907 -0.00878859
0.0101134 -0.0153608
0.0101361 -0.0191237
0.0101587 -0.0205197
0.0101814 -0.0187154
0.0102041 -0.012715
0.0102268 -0.0033083
0.0102494 0.00636625
0.0102721 0.0119981
0.0102948 0.0102342
0.0103175 0.0014714
0.0103401 -0.009179
0.0103628 -0.0142198
0.0103855 -0.00806046
0.0104082 0.00893831
0.0104308 0.0296499
0.0104535 0.0442438
0.0104762 0.045822
0.0104989 0.0327418
0.0105215 0.00761235
0.0105442 -0.0241935
0.0105669 -0.055817
0.0105896 -0.0805379
0.0106122 -0.0931696
0.0106349 -0.0913613
0.0106576 -0.0768744
0.0106803 -0.0552619
0.0107029 -0.0335586
0.0107256 -0.0179447
0.0107483 -0.0125322
0.010771 -0.0186461
0.0107937 -0.0342029
0.0108163 -0.0541409
0.010839 -0.0729238
0.0108617 -0.087166
0.0108844 -0.0967214
0.010907 -0.103717
0.0109297 -0.110306
0.0109524 -0.11693
0.0109751 -0.121683
0.0109977 -0.120743
0.0110204 -0.109714
0.0110431 -0.0861288
0.0110658 -0.0524904
0.0110884 -0.0169352
0.0111111 0.00969052
0.0111338 0.0187913
0.0111565 0.00842667
0.0111791 -0.0156711
0.0112018 -0.0432621
0.0112245 -0.0638511
0.0112472 -0.0698122
0.0112698 -0.0583044
0.0112925 -0.0318471
0.0113152 0.00266004
0.0113379 0.0364349
0.0113605 0.0623207
0.0113832 0.0771427
0.0114059 0.0813667
0.0114286 0.0777364
0.0114512 0.0708021
0.0114739 0.0670401
0.0114966 0.0734502
0.0115193 0.0941974
0.011542 0.12775
0.0115646 0.16675
0.0115873 0.201095
0.01161 0.221913
0.0116327 0.223734
0.0116553 0.20547
0.011678 0.170909
0.0117007 0.12812
0.0117234 0.0870401
0.011746 0.0556396
0.0117687 0.0366653
0.0117914 0.0278444
0.0118141 0.0249157
0.0118367 0.0243623
0.0118594 0.0243046
0.0118821 0.0241175
0.0119048 0.023748
0.0119274 0.0230027
0.0119501 0.0213677
0.0119728 0.0187423
0.0119955 0.0155936
0.0120181 0.0128394
0.0120408 0.0111198
0.0120635 0.00892985
0.0120862 0.00342607
0.0121088 -0.00591826
0.0121315 -0.0151235
0.0121542 -0.0180475
0.0121769 -0.0119486
0.0121995 -0.000934601
0.0122222 0.0059303
0.0122449 0.000465512
0.0122676 -0.01933
0.0122902 -0.0485936
0.0123129 -0.0789319
0.0123356 -0.102118
0.0123583 -0.112621
0.012381 -0.108858
0.0124036 -0.0935633
0.0124263 -0.0727789
0.012449 -0.0535989
0.0124717 -0.0419934
0.0124943 -0.0414058
0.012517 -0.0524839
0.0125397 -0.0732
0.0125624 -0.0982816
0.012585 -0.119479
0.0126077 -0.128578
0.0126304 -0.121471
0.0126531 -0.100245
0.0126757 -0.072232
0.0126984 -0.0466845
0.0127211 -0.0307635
0.0127438 -0.0276937
0.0127664 -0.0369067
0.0127891 -0.0541914
0.0128118 -0.0727222
0.0128345 -0.0860561
0.0128571 -0.0917367
0.0128798 -0.0924844
0.0129025 -0.0939789
0.0129252 -0.10047
0.0129478 -0.111224
0.0129705 -0.120508
0.0129932 -0.120651
0.0130159 -0.105968
0.0130385 -0.0754812
0.0130612 -0.0339723
0.0130839 0.00867295
0.0131066 0.0407828
0.0131293 0.05422
0.0131519 0.0481758
0.0131746 0.0286124
0.0131973 0.00444102
0.01322 -0.0162635
0.0132426 -0.0279181
0.0132653 -0.0276179
0.013288 -0.0148125
0.0133107 0.00816023
0.0133333 0.0357194
0.013356 0.0607953
0.0133787 0.0776376
0.0134014 0.0835437
0.013424 0.0791746
0.0134467 0.068772
0.0134694 0.0596328
0.0134921 0.0602591
0.0135147 0.0773298
0.0135374 0.111904
0.0135601 0.157365
0.0135828 0.201666
0.0136054 0.232468
0.0136281 0.242207
0.0136508 0.23077
0.0136735 0.204813
0.0136961 0.173818
0.0137188 0.144917
0.0137415 0.120152
0.0137642 0.0984346
0.0137868 0.079483
0.0138095 0.0648979
0.0138322 0.0556151
0.0138549 0.0496289
0.0138776 0.0430535
0.0139002 0.0337939
0.0139229 0.0239381
0.0139456 0.0177695
0.0139683 0.0172241
0.0139909 0.0194297
0.0140136 0.0186449
0.0140363 0.0106858
0.014059 -0.00387776
0.0140816 -0.0201898
0.0141043 -0.0321002
0.014127 -0.0351806
0.0141497 -0.0286782
0.0141723 -0.016165
0.014195 -0.00443351
0.0142177 -0.000586987
0.0142404 -0.00876391
0.014263 -0.0283859
0.0142857 -0.0545559
0.0143084 -0.0805773
0.0143311 -0.100776
0.0143537 -0.111421
0.0143764 -0.110916
0.0143991 -0.100765
0.0144218 -0.0856781
0.0144444 -0.0717622
0.0144671 -0.063772
0.0144898 -0.0633647
0.0145125 -0.0691632
0.0145351 -0.078203
0.0145578 -0.0873166
0.0145805 -0.0930364
0.0146032 -0.0913163
0.0146259 -0.0790479
0.0146485 -0.0568125
0.0146712 -0.0300845
0.0146939 -0.00711358
0.0147166 0.0049634
0.0147392 0.00315309
0.0147619 -0.0104874
0.0147846 -0.0297453
0.0148073 -0.047045
0.0148299 -0.0572554
0.0148526 -0.0606327
0.0148753 -0.063043
0.014898 -0.0722891
0.0149206 -0.0918949
0.0149433 -0.117424
0.014966 -0.138802
0.0149887 -0.145869
0.0150113 -0.132953
0.015034 -0.101028
0.0150567 -0.0570689
0.0150794 -0.0113662
0.015102 0.0256051
0.0151247 0.0462388
0.0151474 0.0483954
0.0151701 0.0362295
0.0151927 0.0177535
0.0152154 0.000897527
0.0152381 -0.00905204
0.0152608 -0.00975645
0.0152834 -0.00148058
0.0153061 0.0132749
0.0153288 0.0306977
0.0153515 0.0463554
0.0153741 0.0557653
0.0153968 0.055786
0.0154195 0.0469161
0.0154422 0.0348433
0.0154649 0.0290804
0.0154875 0.0383375
0.0155102 0.0649432
0.0155329 0.103064
0.0155556 0.142378
0.0155782 0.17367
0.0156009 0.192041
0.0156236 0.196655
0.0156463 0.188855
0.0156689 0.171278
0.0156916 0.148335
0.0157143 0.125563
0.015737 0.107155
0.0157596 0.0938663
0.0157823 0.0833076
0.015805 0.0722061
0.0158277 0.0591065
0.0158503 0.0452729
0.015873 0.0333492
0.0158957 0.025687
0.0159184 0.0233753
0.015941 0.0255841
0.0159637 0.0294622
0.0159864 0.0308012
0.0160091 0.0259237
0.0160317 0.0137676
0.0160544 -0.00357413
0.0160771 -0.0218916
0.0160998 -0.0366429
0.0161224 -0.0443907
0.0161451 -0.0434543
0.0161678 -0.0347445
0.0161905 -0.0228614
0.0162132 -0.0155891
0.0162358 -0.020476
0.0162585 -0.0400755
0.0162812 -0.0696261
0.0163039 -0.0997941
0.0163265 -0.121747
0.0163492 -0.130951
0.0163719 -0.127959
0.0163946 -0.116875
0.0164172 -0.103317
0.0164399 -0.0927242
0.0164626 -0.0886241
0.0164853 -0.0910722
0.0165079 -0.0969151
0.0165306 -0.101757
0.0165533 -0.101383
0.016576 -0.0921484
0.0165986 -0.0719384
0.0166213 -0.0420141
0.016644 -0.00818479
0.0166667 0.0205873
0.0166893 0.0364592
0.016712 0.037207
0.0167347 0.0277311
0.0167574 0.0166278
0.01678 0.0104976
0.0168027 0.0105631
0.0168254 0.0129403
0.0168481 0.0110791
0.0168707 -0.00110257
0.0168934 -0.0263047
0.0169161 -0.0618453
0.0169388 -0.100063
0.0169615 -0.130963
0.0169841 -0.145814
0.0170068 -0.140271
0.0170295 -0.115681
0.0170522 -0.0787278
0.0170748 -0.0392754
0.0170975 -0.00655782
0.0171202 0.013991
0.0171429 0.0214937
0.0171655 0.0182849
0.0171882 0.0083077
0.0172109 -0.00371599
0.0172336 -0.0122191
0.0172562 -0.0116966
0.0172789 0.000432014
0.0173016 0.0209395
0.0173243 0.0414935
0.0173469 0.0537438
0.0173696 0.0543427
0.0173923 0.0459479
0.017415 0.0343331
0.0174376 0.0247961
0.0174603 0.0208969
0.017483 0.0253416
0.0175057 0.0401592
0.0175283 0.0650239
0.017551 0.0957365
0.0175737 0.125237
0.0175964 0.146833
0.017619 0.157007
0.0176417 0.156224
0.0176644 0.147824
0.0176871 0.135924
0.0177098 0.123373
0.0177324 0.110715
0.0177551 0.0967212
0.0177778 0.0799968
0.0178005 0.0609343
0.0178231 0.0425844
0.0178458 0.0290751
0.0178685 0.0227467
0.0178912 0.0229993
0.0179138 0.0274863
0.0179365 0.0338556
0.0179592 0.0400866
0.0179819 0.0434881
0.0180045 0.0406586
0.0180272 0.0297587
0.0180499 0.0131834
0.0180726 -0.00289786
0.0180952 -0.0120625
0.0181179 -0.0108486
0.0181406 7.20024e-05
0.0181633 0.0160928
0.0181859 0.0297897
0.0182086 0.0335436
0.0182313 0.0231812
0.018254 0.000310659
0.0182766 -0.0283139
0.0182993 -0.0542332
0.018322 -0.0716769
0.0183447 -0.0796895
0.0183673 -0.0808915
0.01839 -0.0788733
0.0184127 -0.0769534
0.0184354 -0.0781481
0.018458 -0.0843674
0.0184807 -0.095078
0.0185034 -0.106816
0.0185261 -0.114352
0.0185488 -0.113039
0.0185714 -0.100894
0.0185941 -0.079481
0.0186168 -0.0537429
0.0186395 -0.0304803
0.0186621 -0.0152605
0.0186848 -0.00943339
0.0187075 -0.00942767
0.0187302 -0.0090785
0.0187528 -0.00326335
0.0187755 0.00916696
0.0187982 0.0245761
0.0188209 0.0361038
0.0188435 0.0361774
0.0188662 0.019598
0.0188889 -0.0134866
0.0189116 -0.0567493
0.0189342 -0.100173
0.0189569 -0.134537
0.0189796 -0.154594
0.0190023 -0.158948
0.0190249 -0.148256
0.0190476 -0.124499
0.0190703 -0.092188
0.019093 -0.0593553
0.0191156 -0.0356908
0.0191383 -0.0277628
0.019161 -0.0348047
0.0191837 -0.0492032
0.0192063 -0.0610731
0.019229 -0.062869
0.0192517 -0.0514483
0.0192744 -0.028103
0.0192971 0.00211406
0.0193197 0.0316225
0.0193424 0.0525317
0.0193651 0.0599442
0.0193878 0.0547252
0.0194104 0.0432761
0.0194331 0.0342761
0.0194558 0.0346783
0.0194785 0.0471754
0.0195011 0.0698056
0.0195238 0.097142
0.0195465 0.122679
0.0195692 0.141732
0.0195918 0.153627
0.0196145 0.161375
0.0196372 0.168382
0.0196599 0.175014
0.0196825 0.17843
0.0197052 0.175406
0.0197279 0.164901
0.0197506 0.14828
0.0197732 0.128083
0.0197959 0.107059
0.0198186 0.0876657
0.0198413 0.0716823
0.0198639 0.0598748
0.0198866 0.0520608
0.0199093 0.0474904
0.019932 0.045081
0.0199546 0.0432659
0.0199773 0.0394531
0.02 0.0306178
0.0200227 0.0154154
0.0200454 -0.00383329
0.020068 -0.0210414
0.0200907 -0.0293639
0.0201134 -0.025146
0.0201361 -0.00981724
0.0201587 0.010885
0.0201814 0.0289606
0.0202041 0.0366251
0.0202268 0.0291569
0.0202494 0.00715077
0.0202721 -0.0235206
0.0202948 -0.0541238
0.0203175 -0.076777
0.0203401 -0.0876271
0.0203628 -0.0882752
0.0203855 -0.0845772
0.0204082 -0.083706
0.0204308 -0.0907887
0.0204535 -0.10622
0.0204762 -0.125536
0.0204989 -0.141953
0.0205215 -0.149784
0.0205442 -0.146457
0.0205669 -0.132491
0.0205896 -0.110882
0.0206122 -0.0866016
0.0206349 -0.0652825
0.0206576 -0.050732
0.0206803 -0.0426738
0.0207029 -0.0362329
0.0207256 -0.0247982
0.0207483 -0.00516427
0.020771 0.0196919
0.0207937 0.0426618
0.0208163 0.0564568
0.020839 0.0561905
0.0208617 0.0396639
0.0208844 0.00690675
0.020907 -0.038923
0.0209297 -0.0901397
0.0209524 -0.135522
0.0209751 -0.164395
0.0209977 -0.171422
0.0210204 -0.158427
0.0210431 -0.132299
0.0210658 -0.101671
0.0210884 -0.0743909
0.0211111 -0.0560796
0.0211338 -0.0491818
0.0211565 -0.0521715
0.0211791 -0.0594918
0.0212018 -0.0633916
0.0212245 -0.0572485
0.0212472 -0.0381999
0.0212698 -0.00816119
0.0212925 0.0262414
0.0213152 0.0552868
0.0213379 0.070412
0.0213605 0.0691906
0.0213832 0.056949
0.0214059 0.0434886
0.0214286 0.0373971
0.0214512 0.041891
0.0214739 0.0548301
0.0214966 0.0718143
0.0215193 0.0894201
0.021542 0.106088
0.0215646 0.121416
0.0215873 0.135511
0.02161 0.148565
0.0216327 0.160501
0.0216553 0.17028
0.021678 0.175744
0.0217007 0.174769
0.0217234 0.166532
0.021746 0.15159
0.0217687 0.131527
0.0217914 0.108852
0.0218141 0.0869147
0.0218367 0.0694855
0.0218594 0.0591935
0.0218821 0.0558726
0.0219048 0.0567006
0.0219274 0.0575449
0.0219501 0.0543729
0.0219728 0.0445019
0.0219955 0.0274214
0.0220181 0.00549245
0.0220408 -0.0162873
0.0220635 -0.0319203
0.0220862 -0.0366269
0.0221088 -0.0285226
0.0221315 -0.00952518
0.0221542 0.0145193
0.0221769 0.0352868
0.0221995 0.0451065
0.0222222 0.0401987
0.0222449 0.0224296
0.0222676 -0.00163507
0.0222902 -0.0241648
0.0223129 -0.0395983
0.0223356 -0.0465192
0.0223583 -0.0472733
0.022381 -0.0466665
0.0224036 -0.0505451
0.0224263 -0.0634936
0.022449 -0.0858973
0.0224717 -0.112542
0.0224943 -0.134282
0.022517 -0.143082
0.0225397 -0.136879
0.0225624 -0.120255
0.022585 -0.100616
0.0226077 -0.0835767
0.0226304 -0.071061
0.0226531 -0.0621068
0.0226757 -0.054121
0.0226984 -0.0435525
0.0227211 -0.0265442
0.0227438 -0.00042057
0.0227664 0.0333318
0.0227891 0.0674262
0.0228118 0.0913479
0.0228345 0.0963504
0.0228571 0.0789388
0.0228798 0.0416797
0.0229025 -0.00796807
0.0229252 -0.0599452
0.0229478 -0.104679
0.0229705 -0.135921
0.0229932 -0.151585
0.0230159 -0.1526
0.0230385 -0.141714
0.0230612 -0.123351
0.0230839 -0.103953
0.0231066 -0.0910331
0.0231293 -0.0899233
0.0231519 -0.100069
0.0231746 -0.114342
0.0231973 -0.122353
0.02322 -0.115944
0.0232426 -0.0934249
0.0232653 -0.0597792
0.023288 -0.0236753
0.0233107 0.0064559
0.0233333 0.0254667
0.023356 0.0331374
0.0233787 0.0337071
0.0234014 0.0331734
0.023424 0.0359263
0.0234467 0.0431314
0.0234694 0.0536661
0.0234921 0.0660213
0.0235147 0.0793176
0.0235374 0.093315
0.0235601 0.107996
0.0235828 0.123267
0.0236054 0.139122
0.0236281 0.15523
0.0236508 0.170266
0.0236735 0.181872
0.0236961 0.187361
0.0237188 0.184534
0.0237415 0.172547
0.0237642 0.152559
0.0237868 0.127835
0.0238095 0.102959
0.0238322 0.0824898
0.0238549 0.0695072
0.0238776 0.0646222
0.0239002 0.065619
0.0239229 0.0679101
0.0239456 0.0656112
0.0239683 0.0537418
0.0239909 0.0310224
0.0240136 0.00145793
0.0240363 -0.0264407
0.024059 -0.0435667
0.0240816 -0.0451375
0.0241043 -0.0328467
0.024127 -0.0130919
0.0241497 0.0067296
0.0241723 0.0208406
0.024195 0.0256875
0.0242177 0.0200827
0.0242404 0.00593734
0.024263 -0.0114986
0.0242857 -0.0257292
0.0243084 -0.0327665
0.0243311 -0.0339628
0.0243537 -0.0351213
0.0243764 -0.0422379
0.0243991 -0.057452
0.0244218 -0.0785177
0.0244444 -0.101102
0.0244671 -0.120921
0.0244898 -0.13433
0.0245125 -0.13856
0.0245351 -0.132659
0.0245578 -0.118691
0.0245805 -0.101544
0.0246032 -0.0866487
0.0246259 -0.0773087
0.0246485 -0.0731533
0.0246712 -0.0699273
0.0246939 -0.0607219
0.0247166 -0.0393428
0.0247392 -0.00424027
0.0247619 0.0396985
0.0247846 0.0824155
0.0248073 0.112741
0.0248299 0.123023
0.0248526 0.111386
0.0248753 0.0810012
0.024898 0.0376525
0.0249206 -0.011518
0.0249433 -0.0582526
0.024966 -0.0944515
0.0249887 -0.114742
0.0250113 -0.118554
0.025034 -0.110306
0.0250567 -0.097723
0.0250794 -0.0888554
0.025102 -0.0890135
0.0251247 -0.0987937
0.0251474 -0.113806
0.0251701 -0.126634
0.0251927 -0.130425
0.0252154 -0.12197
0.0252381 -0.102373
0.0252608 -0.0757536
0.0252834 -0.0474484
0.0253061 -0.0225439
0.0253288 -0.00431478
0.0253515 0.00684702
0.0253741 0.0131736
0.0253968 0.018131
0.0254195 0.0244571
0.0254422 0.0329539
0.0254649 0.0427768
0.0254875 0.0526984
0.0255102 0.0622877
0.0255329 0.0723007
0.0255556 0.0843461
0.0255782 0.0999963
0.0256009 0.119634
0.0256236 0.141814
0.0256463 0.16364
0.0256689 0.18158
0.0256916 0.192419
0.0257143 0.193915
0.025737 0.184847
0.0257596 0.165386
0.0257823 0.138284
0.025805 0.109572
0.0258277 0.0868658
0.0258503 0.0754913
0.025873 0.075303
0.0258957 0.0805495
0.0259184 0.0830268
0.025941 0.076479
0.0259637 0.0592611
0.0259864 0.034032
0.0260091 0.00617814
0.0260317 -0.0176238
0.0260544 -0.0310743
0.0260771 -0.0307962
0.0260998 -0.0187836
0.0261224 -0.00201833
0.0261451 0.0113549
0.0261678 0.0167568
0.0261905 0.0149499
0.0262132 0.00994825
0.0262358 0.00553012
0.0262585 0.0033623
0.0262812 0.00306189
0.0263039 0.00300086
0.0263265 0.00114119
0.0263492 -0.00444615
0.0263719 -0.0151796
0.0263946 -0.031431
0.0264172 -0.0522511
0.0264399 -0.0752321
0.0264626 -0.0967295
0.0264853 -0.112555
0.0265079 -0.119573
0.0265306 -0.117931
0.0265533 -0.111741
0.026576 -0.106907
0.0265986 -0.107484
0.0266213 -0.11308
0.026644 -0.118985
0.0266667 -0.118726
0.0266893 -0.107026
0.026712 -0.0812765
0.0267347 -0.0420752
0.0267574 0.00609434
0.02678 0.0549988
0.0268027 0.0946177
0.0268254 0.116058
0.0268481 0.114296
0.0268707 0.0898607
0.0268934 0.0490645
0.0269161 0.00240183
0.0269388 -0.0389218
0.0269615 -0.0669383
0.0269841 -0.0796335
0.0270068 -0.0808083
0.0270295 -0.0773654
0.0270522 -0.0759059
0.0270748 -0.0803367
0.0270975 -0.09119
0.0271202 -0.106171
0.0271429 -0.121247
0.0271655 -0.132087
0.0271882 -0.135306
0.0272109 -0.129461
0.0272336 -0.115273
0.0272562 -0.0952979
0.0272789 -0.0731745
0.0273016 -0.0527999
0.0273243 -0.0369225
0.0273469 -0.0257665
0.0273696 -0.0171438
0.0273923 -0.00837767
0.027415 0.00145853
0.0274376 0.0110239
0.0274603 0.0185616
0.027483 0.0240932
0.0275057 0.0296735
0.0275283 0.0377401
0.027551 0.0495656
0.0275737 0.0653144
0.0275964 0.084972
0.027619 0.108576
0.0276417 0.134932
0.0276644 0.160224
0.0276871 0.17854
0.0277098 0.184805
0.0277324 0.177823
0.0277551 0.160623
0.0277778 0.138466
0.0278005 0.117098
0.0278231 0.101936
0.0278458 0.0966748
0.0278685 0.100991
0.0278912 0.109485
0.0279138 0.113575
0.0279365 0.105939
0.0279592 0.0848234
0.0279819 0.0552683
0.0280045 0.0262545
0.0280272 0.00604236
0.0280499 -0.00132251
0.0280726 0.00279593
0.0280952 0.0128583
0.0281179 0.0220693
0.0281406 0.0259017
0.0281633 0.0236927
0.0281859 0.0178872
0.0282086 0.0117973
0.0282313 0.00762546
0.028254 0.00593591
0.0282766 0.00631034
0.0282993 0.00764716
0.028322 0.00760841
0.0283447 0.0027746
0.0283673 -0.00959384
0.02839 -0.0293163
0.0284127 -0.0528187
0.0284354 -0.0748627
0.028458 -0.0911036
0.0284807 -0.0996802
0.0285034 -0.101534
0.0285261 -0.099944
0.0285488 -0.0991786
0.0285714 -0.102673
0.0285941 -0.111542
0.0286168 -0.123909
0.0286395 -0.135474
0.0286621 -0.140825
0.0286848 -0.13456
0.0287075 -0.112597
0.0287302 -0.0740743
0.0287528 -0.0231305
0.0287755 0.0308774
0.0287982 0.075877
0.0288209 0.101522
0.0288435 0.103181
0.0288662 0.083544
0.0288889 0.0511345
0.0289116 0.0165381
0.0289342 -0.0114915
0.0289569 -0.028788
0.0289796 -0.0362438
0.0290023 -0.0380104
0.0290249 -0.038783
0.0290476 -0.0420318
0.0290703 -0.0494853
0.029093 -0.061115
0.0291156 -0.0751079
0.0291383 -0.0880557
0.029161 -0.0961527
0.0291837 -0.0971733
0.0292063 -0.0915424
0.029229 -0.081544
0.0292517 -0.0693331
0.0292744 -0.0557419
0.0292971 -0.0405855
0.0293197 -0.0242403
0.0293424 -0.00852561
0.0293651 0.00441694
0.0293878 0.0137763
0.0294104 0.0201262
0.0294331 0.0239071
0.0294558 0.0244752
0.0294785 0.0213414
0.0295011 0.0160382
0.0295238 0.012207
0.0295465 0.0137633
0.0295692 0.022769
0.0295918 0.0390418
0.0296145 0.0610915
0.0296372 0.0864749
0.0296599 0.111324
0.0296825 0.130463
0.0297052 0.139029
0.0297279 0.134927
0.0297506 0.120608
0.0297732 0.102602
0.0297959 0.0886829
0.0298186 0.0840788
0.0298413 0.0891916
0.0298639 0.0994953
0.0298866 0.107425
0.0299093 0.106075
0.029932 0.0928141
0.0299546 0.0704455
0.0299773 0.0452842
0.03 0.023865
0.0300227 0.0103132
0.0300454 0.00545692
0.030068 0.00730145
0.0300907 0.0119247
0.0301134 0.0148801
0.0301361 0.0130601
0.0301587 0.00657558
0.0301814 -0.00111973
0.0302041 -0.00544369
0.0302268 -0.00360811
0.0302494 0.00377762
0.0302721 0.013145
0.0302948 0.0196681
0.0303175 0.0191803
0.0303401 0.00974631
0.0303628 -0.00766873
0.0303855 -0.0295813
0.0304082 -0.051424
0.0304308 -0.0693465
0.0304535 -0.0813491
0.0304762 -0.0872642
0.0304989 -0.0882154
0.0305215 -0.0864167
0.0305442 -0.085212
0.0305669 -0.0882345
0.0305896 -0.0978376
0.0306122 -0.11347
0.0306349 -0.130905
0.0306576 -0.14291
0.0306803 -0.141586
0.0307029 -0.121708
0.0307256 -0.0834272
0.0307483 -0.0331256
0.030771 0.0186069
0.0307937 0.0609649
0.0308163 0.0865043
0.030839 0.0927577
0.0308617 0.0819329
0.0308844 0.0595341
0.030907 0.0326149
0.0309297 0.00814331
0.0309524 -0.00885749
0.0309751 -0.0172946
0.0309977 -0.0205959
0.0310204 -0.0245146
0.0310431 -0.0332278
0.0310658 -0.0468731
0.0310884 -0.0623968
0.0311111 -0.0763987
0.0311338 -0.0870898
0.0311565 -0.0939753
0.0311791 -0.0966717
0.0312018 -0.094651
0.0312245 -0.088119
0.0312472 -0.0783994
0.0312698 -0.0669303
0.0312925 -0.0542094
0.0313152 -0.0399053
0.0313379 -0.0239584
0.0313605 -0.007406
0.0313832 0.00783813
0.0314059 0.0197767
0.0314286 0.0270375
0.0314512 0.0290204
0.0314739 0.0258937
0.0314966 0.0191642
0.0315193 0.0121912
0.031542 0.00975966
0.0315646 0.0161419
0.0315873 0.0329255
0.03161 0.058413
0.0316327 0.0878322
0.0316553 0.114482
0.031678 0.132062
0.0317007 0.137271
0.0317234 0.131342
0.031746 0.119341
0.0317687 0.107469
0.0317914 0.10021
0.0318141 0.0990435
0.0318367 0.102665
0.0318594 0.107936
0.0318821 0.110759
0.0319048 0.107252
0.0319274 0.0954831
0.0319501 0.0768586
0.0319728 0.0558013
0.0319955 0.0377338
0.0320181 0.0264608
0.0320408 0.0225447
0.0320635 0.0232446
0.0320862 0.0239633
0.0321088 0.0206454
0.0321315 0.0121295
0.0321542 0.000877142
0.0321769 -0.0082773
0.0321995 -0.0108593
0.0322222 -0.00561547
0.0322449 0.00475478
0.0322676 0.0152338
0.0322902 0.0210781
0.0323129 0.0194721
0.0323356 0.00987482
0.0323583 -0.00636542
0.032381 -0.0268064
0.0324036 -0.0485716
0.0324263 -0.0683523
0.032449 -0.0827215
0.0324717 -0.0893872
0.0324943 -0.0887371
0.032517 -0.0845402
0.0325397 -0.0829246
0.0325624 -0.0896442
0.032585 -0.106529
0.0326077 -0.129773
0.0326304 -0.15155
0.0326531 -0.163714
0.0326757 -0.160915
0.0326984 -0.141429
0.0327211 -0.106503
0.0327438 -0.0599929
0.0327664 -0.00875103
0.0327891 0.0380026
0.0328118 0.0717545
0.0328345 0.0884711
0.0328571 0.089842
0.0328798 0.0812249
0.0329025 0.0682899
0.0329252 0.054957
0.0329478 0.0432428
0.0329705 0.0337127
0.0329932 0.0255086
0.0330159 0.0163724
0.0330385 0.00377691
0.0330612 -0.0130953
0.0330839 -0.0322734
0.0331066 -0.050305
0.0331293 -0.0645844
0.0331519 -0.0745809
0.0331746 -0.081072
0.0331973 -0.0845288
0.03322 -0.0846139
0.0332426 -0.0807742
0.0332653 -0.0728142
0.033288 -0.0609596
0.0333107 -0.0456637
0.0333333 -0.0278049
0.033356 -0.00892425
0.0333787 0.00880635
0.0334014 0.0227411
0.033424 0.0300851
0.0334467 0.0288159
0.0334694 0.0192311
0.0334921 0.00510669
0.0335147 -0.00698817
0.0335374 -0.010489
0.0335601 -0.00205064
0.0335828 0.0169287
0.0336054 0.0414929
0.0336281 0.0658045
0.0336508 0.085274
0.0336735 0.0972813
0.0336961 0.101343
0.0337188 0.0990151
0.0337415 0.0935652
0.0337642 0.0889817
0.0337868 0.0882249
0.0338095 0.0918093
0.0338322 0.0977668
0.0338549 0.102602
0.0338776 0.102661
0.0339002 0.0957693
0.0339229 0.0824265
0.0339456 0.0658152
0.0339683 0.0503584
0.0339909 0.0393726
0.0340136 0.0333719
0.0340363 0.0300766
0.034059 0.0259861
0.0340816 0.0185114
0.0341043 0.0073961
0.034127 -0.00519168
0.0341497 -0.0156108
0.0341723 -0.0205026
0.034195 -0.0183882
0.0342177 -0.0100036
0.0342404 0.00221241
0.034263 0.0150537
0.0342857 0.0252135
0.0343084 0.0292853
0.0343311 0.0241812
0.0343537 0.00867021
0.0343764 -0.0147394
0.0343991 -0.0396947
0.0344218 -0.0590111
0.0344444 -0.0685985
0.0344671 -0.0692521
0.0344898 -0.0654336
0.0345125 -0.0627991
0.0345351 -0.0662667
0.0345578 -0.0791174
0.0345805 -0.101964
0.0346032 -0.131375
0.0346259 -0.159712
0.0346485 -0.177581
0.0346712 -0.177958
0.0346939 -0.159218
0.0347166 -0.125061
0.0347392 -0.0819565
0.0347619 -0.0365461
0.0347846 0.00537777
0.0348073 0.0390402
0.0348299 0.0614411
0.0348526 0.0724649
0.0348753 0.0746435
0.034898 0.0715722
0.0349206 0.0662314
0.0349433 0.0603263
0.034966 0.0545305
0.0349887 0.0484747
0.0350113 0.0408115
0.035034 0.0297909
0.0350567 0.014428
0.0350794 -0.0046041
0.035102 -0.0251113
0.0351247 -0.044454
0.0351474 -0.0606155
0.0351701 -0.0726805
0.0351927 -0.0807796
0.0352154 -0.0857236
0.0352381 -0.0882877
0.0352608 -0.0882605
0.0352834 -0.0838773
0.0353061 -0.0726898
0.0353288 -0.0536374
0.0353515 -0.0288502
0.0353741 -0.00384486
0.0353968 0.0146644
0.0354195 0.0220129
0.0354422 0.0175955
0.0354649 0.00491202
0.0354875 -0.00985348
0.0355102 -0.0200679
0.0355329 -0.0208645
0.0355556 -0.0106611
0.0355782 0.00859714
0.0356009 0.0323908
0.0356236 0.0553863
0.0356463 0.0731425
0.0356689 0.0833455
0.0356916 0.0865701
0.0357143 0.0858747
0.035737 0.0855317
0.0357596 0.0890563
0.0357823 0.0972732
0.035805 0.107885
0.0358277 0.116872
0.0358503 0.120671
0.035873 0.11785
0.0358957 0.109479
0.0359184 0.0982114
0.035941 0.0869695
0.0359637 0.0776412
0.0359864 0.0702323
0.0360091 0.063302
0.0360317 0.0553426
0.0360544 0.0458366
0.0360771 0.0350782
0.0360998 0.0231719
0.0361224 0.00994146
0.0361451 -0.00370049
0.0361678 -0.0144039
0.0361905 -0.0175433
0.0362132 -0.0105534
0.0362358 0.0045017
0.0362585 0.0213639
0.0362812 0.0329164
0.0363039 0.034634
0.0363265 0.0257679
0.0363492 0.00853264
0.0363719 -0.0131732
0.0363946 -0.0344019
0.0364172 -0.0497774
0.0364399 -0.0555162
0.0364626 -0.0520072
0.0364853 -0.0443735
0.0365079 -0.0403762
0.0365306 -0.0466564
0.0365533 -0.0658816
0.036576 -0.0959923
0.0365986 -0.131055
0.0366213 -0.162961
0.036644 -0.183747
0.0366667 -0.188057
0.0366893 -0.174754
0.036712 -0.146828
0.0367347 -0.109661
0.0367574 -0.0690198
0.03678 -0.0298243
0.0368027 0.00440454
0.0368254 0.0317547
0.0368481 0.0517277
0.0368707 0.064741
0.0368934 0.0718133
0.0369161 0.0743438
0.0369388 0.0740169
0.0369615 0.0723896
0.0369841 0.0698668
0.0370068 0.0650488
0.0370295 0.0554999
0.0370522 0.0399345
0.0370748 0.0199199
0.0370975 -0.000682116
0.0371202 -0.0182668
0.0371429 -0.0319635
0.0371655 -0.0437695
0.0371882 -0.0564694
0.0372109 -0.0710223
0.0372336 -0.085297
0.0372562 -0.0949876
0.0372789 -0.0958133
0.0373016 -0.0856597
0.0373243 -0.0656841
0.0373469 -0.0400754
0.0373696 -0.0147176
0.0373923 0.004547
0.037415 0.0135888
0.0374376 0.0113239
0.0374603 0.000167489
0.037483 -0.0145943
0.0375057 -0.0263053
0.0375283 -0.0292577
0.037551 -0.0211275
0.0375737 -0.00416183
0.0375964 0.0158409
0.037619 0.0324465
0.0376417 0.0418719
0.0376644 0.0441755
0.0376871 0.0429788
0.0377098 0.0437983
0.0377324 0.0509409
0.0377551 0.0650651
0.0377778 0.0824869
0.0378005 0.0975251
0.0378231 0.106186
0.0378458 0.10826
0.0378685 0.106273
0.0378912 0.102822
0.0379138 0.0988522
0.0379365 0.0939996
0.0379592 0.088166
0.0379819 0.0822424
0.0380045 0.0769485
0.0380272 0.0714928
0.0380499 0.0638171
0.0380726 0.0523627
0.0380952 0.0374656
0.0381179 0.0212076
0.0381406 0.006428
0.0381633 -0.00402367
0.0381859 -0.00754964
0.0382086 -0.00241637
0.0382313 0.0106189
0.038254 0.0271049
0.0382766 0.0400246
0.0382993 0.043007
0.038322 0.0334119
0.0383447 0.0133876
0.0383673 -0.01124
0.03839 -0.0333087
0.0384127 -0.0470853
0.0384354 -0.0504078
0.038458 -0.0454049
0.0384807 -0.0377367
0.0385034 -0.0345466
0.0385261 -0.0417147
0.0385488 -0.061621
0.0385714 -0.0922135
0.0385941 -0.127505
0.0386168 -0.159623
0.0386395 -0.18151
0.0386621 -0.1891
0.0386848 -0.182137
0.0387075 -0.16312
0.0387302 -0.135525
0.0387528 -0.102686
0.0387755 -0.06767
0.0387982 -0.0335268
0.0388209 -0.00308919
0.0388435 0.021879
0.0388662 0.0413963
0.0388889 0.0568024
0.0389116 0.0695173
0.0389342 0.0798781
0.0389569 0.0867757
0.0389796 0.0884156
0.0390023 0.083727
0.0390249 0.0732814
0.0390476 0.0591533
0.0390703 0.0440272
0.039093 0.0299207
0.0391156 0.0170981
0.0391383 0.00395334
0.039161 -0.0117919
0.0391837 -0.0311611
0.0392063 -0.0528181
0.039229 -0.0734221
0.0392517 -0.0887828
0.0392744 -0.0952171
0.0392971 -0.0907072
0.0393197 -0.0758733
0.0393424 -0.0544015
0.0393651 -0.0320932
0.0393878 -0.0149585
0.0394104 -0.0071578
0.0394331 -0.00966465
0.0394558 -0.0198679
0.0394785 -0.0320758
0.0395011 -0.0395647
0.0395238 -0.0375969
0.0395465 -0.0259278
0.0395692 -0.00905395
0.0395918 0.00648916
0.0396145 0.0160804
0.0396372 0.0194296
0.0396599 0.0198708
0.0396825 0.0216002
0.0397052 0.0273685
0.0397279 0.0380217
0.0397506 0.0531054
0.0397732 0.0710882
0.0397959 0.089178
0.0398186 0.103588
0.0398413 0.111381
0.0398639 0.112471
0.0398866 0.109561
0.0399093 0.106019
0.039932 0.103721
0.0399546 0.10251
0.0399773 0.101253
0.04 0.0988761
0.0400227 0.0944104
0.0400454 0.0866066
0.040068 0.0741496
0.0400907 0.056686
0.0401134 0.0359031
0.0401361 0.0156034
0.0401587 0.00061512
0.0401814 -0.00505912
0.0402041 -0.000131011
0.0402268 0.0129887
0.0402494 0.0287107
0.0402721 0.0402666
0.0402948 0.0423316
0.0403175 0.0331113
0.0403401 0.0149323
0.0403628 -0.00674176
0.0403855 -0.0252296
0.0404082 -0.035208
0.0404308 -0.0349885
0.0404535 -0.0273914
0.0404762 -0.0186352
0.0404989 -0.0156268
0.0405215 -0.0232443
0.0405442 -0.0427551
0.0405669 -0.071752
0.0405896 -0.105446
0.0406122 -0.138149
0.0406349 -0.164472
0.0406576 -0.180103
0.0406803 -0.182591
0.0407029 -0.172058
0.0407256 -0.151274
0.0407483 -0.124552
0.040771 -0.0959285
0.0407937 -0.0678202
0.0408163 -0.0407264
0.040839 -0.0139413
0.0408617 0.0130516
0.0408844 0.0393059
0.040907 0.0622678
0.0409297 0.0789843
0.0409524 0.087924
0.0409751 0.0896561
0.0409977 0.0862232
0.0410204 0.0799366
0.0410431 0.072638
0.0410658 0.0653712
0.0410884 0.0580914
0.0411111 0.0495462
0.0411338 0.0376538
0.0411565 0.0205657
0.0411791 -0.002002
0.0412018 -0.0281017
0.0412245 -0.0538336
0.0412472 -0.0742977
0.0412698 -0.0848049
0.0412925 -0.0824492
0.0413152 -0.0679121
0.0413379 -0.046203
0.0413605 -0.0251417
0.0413832 -0.0119183
0.0414059 -0.00943685
0.0414286 -0.0152891
0.0414512 -0.0241109
0.0414739 -0.0310631
0.0414966 -0.0337951
0.0415193 -0.03206
0.041542 -0.0265235
0.0415646 -0.0183784
0.0415873 -0.0096637
0.04161 -0.0029279
0.0416327 0.000235081
0.0416553 0.000555992
0.041678 0.000825882
0.0417007 0.00424337
0.0417234 0.0127667
0.041746 0.0262259
0.0417687 0.0425717
0.0417914 0.0586822
0.0418141 0.0713434
0.0418367 0.0783696
0.0418594 0.079676
0.0418821 0.0774137
0.0419048 0.0749677
0.0419274 0.0753477
0.0419501 0.0797359
0.0419728 0.0869648
0.0419955 0.0938146
0.0420181 0.0961812
0.0420408 0.0908005
0.0420635 0.0766134
0.0420862 0.0552545
0.0421088 0.0305232
0.0421315 0.00744724
0.0421542 -0.00882113
0.0421769 -0.0146215
0.0421995 -0.00928175
0.0422222 0.00410354
0.0422449 0.0194107
0.0422676 0.0298665
0.0422902 0.0308279
0.0423129 0.0218703
0.0423356 0.00673985
0.0423583 -0.00880229
0.042381 -0.0197386
0.0424036 -0.0235305
0.0424263 -0.0203122
0.042449 -0.0122851
0.0424717 -0.00322235
0.0424943 0.00218213
0.042517 -0.00051105
0.0425397 -0.0142795
0.0425624 -0.0395786
0.042585 -0.0736452
0.0426077 -0.110617
0.0426304 -0.14316
0.0426531 -0.165152
0.0426757 -0.173951
0.0426984 -0.170945
0.0427211 -0.159897
0.0427438 -0.14436
0.0427664 -0.126063
0.0427891 -0.104793
0.0428118 -0.0794913
0.0428345 -0.0497935
0.0428571 -0.0171545
0.0428798 0.0150396
0.0429025 0.0426112
0.0429252 0.0625446
0.0429478 0.0743866
0.0429705 0.0801374
0.0429932 0.0826193
0.0430159 0.0838182
0.0430385 0.0844145
0.0430612 0.0843741
0.0430839 0.083307
0.0431066 0.0798329
0.0431293 0.0709878
0.0431519 0.0534075
0.0431746 0.0261904
0.0431973 -0.00681615
0.04322 -0.0379416
0.0432426 -0.0594535
0.0432653 -0.067293
0.043288 -0.0623609
0.0433107 -0.0489655
0.0433333 -0.0324996
0.043356 -0.0178638
0.0433787 -0.00856078
0.0434014 -0.00610816
0.043424 -0.00965679
0.0434467 -0.0163236
0.0434694 -0.0225941
0.0434921 -0.0257847
0.0435147 -0.0248129
0.0435374 -0.0202092
0.0435601 -0.0136141
0.0435828 -0.00714076
0.0436054 -0.00259531
0.0436281 -0.000655413
0.0436508 -0.000475526
0.0436735 -8.22544e-06
0.0436961 0.00333655
0.0437188 0.0115967
0.0437415 0.0252327
0.0437642 0.0422885
0.0437868 0.0587499
0.0438095 0.0703442
0.0438322 0.0746912
0.0438549 0.0726786
0.0438776 0.0681927
0.0439002 0.066209
0.0439229 0.0703299
0.0439456 0.0810987
0.0439683 0.0957195
0.0439909 0.109195
0.0440136 0.116128
0.0440363 0.112434
0.044059 0.0967962
0.0440816 0.0717192
0.0441043 0.0431298
0.044127 0.0181838
0.0441497 0.00246763
0.0441723 -0.00201035
0.044195 0.0026989
0.0442177 0.0116822
0.0442404 0.0193567
0.044263 0.0214827
0.0442857 0.016428
0.0443084 0.00515091
0.0443311 -0.00971103
0.0443537 -0.0249825
0.0443764 -0.0374604
0.0443991 -0.044203
0.0444218 -0.0433955
0.0444444 -0.0354367
0.0444671 -0.0235728
0.0444898 -0.013286
0.0445125 -0.0103352
0.0445351 -0.0184367
0.0445578 -0.0378324
0.0445805 -0.0652945
0.0446032 -0.0953104
0.0446259 -0.122111
0.0446485 -0.141644
0.0446712 -0.152704
0.0446939 -0.156654
0.0447166 -0.155698
0.0447392 -0.150923
0.0447619 -0.141568
0.0447846 -0.126045
0.0448073 -0.103591
0.0448299 -0.074968
0.0448526 -0.042215
0.0448753 -0.00836813
0.044898 0.0226262
0.0449206 0.0466111
0.0449433 0.0611039
0.044966 0.0672469
0.0449887 0.0696586
0.0450113 0.0739331
0.045034 0.0829997
0.0450567 0.0950413
0.0450794 0.104549
0.045102 0.105405
0.0451247 0.0938993
0.0451474 0.0701172
0.0451701 0.0377593
0.0451927 0.00297511
0.0452154 -0.0274987
0.0452381 -0.0484155
0.0452608 -0.0574176
0.0452834 -0.0554025
0.0453061 -0.045863
0.0453288 -0.0334952
0.0453515 -0.0226614
0.0453741 -0.0160427
0.0453968 -0.0140851
0.0454195 -0.0155082
0.0454422 -0.0182858
0.0454649 -0.0205896
0.0454875 -0.0211338
0.0455102 -0.0193886
0.0455329 -0.0157508
0.0455556 -0.0114374
0.0455782 -0.00802183
0.0456009 -0.0068537
0.0456236 -0.00817728
0.0456463 -0.0105621
0.0456689 -0.0114309
0.0456916 -0.00826204
0.0457143 0.000241876
0.045737 0.0136203
0.0457596 0.0297245
0.0457823 0.0451983
0.045805 0.0564306
0.0458277 0.0610151
0.0458503 0.0593672
0.045873 0.0551881
0.0458957 0.054057
0.0459184 0.0606561
0.045941 0.0760069
0.0459637 0.0964842
0.0459864 0.115133
0.0460091 0.124611
0.0460317 0.120572
0.0460544 0.103616
0.0460771 0.0787718
0.0460998 0.0530596
0.0461224 0.0325246
0.0461451 0.0202594
0.0461678 0.0163801
0.0461905 0.0189234
0.0462132 0.0248092
0.0462358 0.0303974
0.0462585 0.0320456
0.0462812 0.0271666
0.0463039 0.0153943
0.0463265 -0.000944853
0.0463492 -0.0176989
0.0463719 -0.0304831
0.0463946 -0.0360456
0.0464172 -0.033246
0.0464399 -0.0236744
0.0464626 -0.0115429
0.0464853 -0.00228298
0.0465079 -0.000179172
0.0465306 -0.00674057
0.0465533 -0.0208747
0.046576 -0.040446
0.0465986 -0.0633962
0.0466213 -0.0876696
0.046644 -0.110699
0.0466667 -0.129674
0.0466893 -0.142836
0.046712 -0.150313
0.0467347 -0.153376
0.0467574 -0.152205
0.04678 -0.144759
0.0468027 -0.128216
0.0468254 -0.101751
0.0468481 -0.0682248
0.0468707 -0.033584
0.0468934 -0.00416279
0.0469161 0.016382
0.0469388 0.0286622
0.0469615 0.0369018
0.0469841 0.0463698
0.0470068 0.0604644
0.0470295 0.0789685
0.0470522 0.098194
0.0470748 0.112543
0.0470975 0.116625
0.0471202 0.107309
0.0471429 0.084962
0.0471655 0.05343
0.0471882 0.0189185
0.0472109 -0.0120157
0.0472336 -0.0346067
0.0472562 -0.0471348
0.0472789 -0.0508754
0.0473016 -0.049034
0.0473243 -0.0453085
0.0473469 -0.0427527
0.0473696 -0.0430424
0.0473923 -0.0460149
0.047415 -0.0497699
0.0474376 -0.051645
0.0474603 -0.0497324
0.047483 -0.0440763
0.0475057 -0.0364764
0.0475283 -0.0293669
0.047551 -0.0246136
0.0475737 -0.0229542
0.0475964 -0.0241245
0.047619 -0.0270611
0.0476417 -0.0299159
0.0476644 -0.0302563
0.0476871 -0.0256827
0.0477098 -0.0148555
0.0477324 0.00148249
0.0477551 0.0202376
0.0477778 0.0367721
0.0478005 0.0469028
0.0478231 0.0491425
0.0478458 0.0459542
0.0478685 0.0428946
0.0478912 0.0458859
0.0479138 0.0580266
0.0479365 0.0778384
0.0479592 0.100101
0.0479819 0.118399
0.0480045 0.127676
0.0480272 0.125631
0.0480499 0.113125
0.0480726 0.0938424
0.0480952 0.0730141
0.0481179 0.0555699
0.0481406 0.0446349
0.0481633 0.0410347
0.0481859 0.0435892
0.0482086 0.0494682
0.0482313 0.0545638
0.048254 0.0545141
0.0482766 0.0465636
0.0482993 0.0313953
0.048322 0.0133171
0.0483447 -0.00205266
0.0483673 -0.0109103
0.04839 -0.0126864
0.0484127 -0.0091722
0.0484354 -0.00274849
0.048458 0.00454843
0.0484807 0.0105839
0.0485034 0.012846
0.0485261 0.00920725
0.0485488 -0.000940323
0.0485714 -0.016398
0.0485941 -0.0350183
0.0486168 -0.0549623
0.0486395 -0.0753566
0.0486621 -0.0959687
0.0486848 -0.11627
0.0487075 -0.134625
0.0487302 -0.148324
0.0487528 -0.154309
0.0487755 -0.150349
0.0487982 -0.136018
0.0488209 -0.113222
0.0488435 -0.0859346
0.0488662 -0.0590062
0.0488889 -0.036445
0.0489116 -0.0199254
0.0489342 -0.00808585
0.0489569 0.00278783
0.0489796 0.0167835
0.0490023 0.0360225
0.0490249 0.0590565
0.0490476 0.081399
0.0490703 0.0975478
0.049093 0.10331
0.0491156 0.0970677
0.0491383 0.0798545
0.049161 0.0547861
0.0491837 0.0263933
0.0492063 -0.000163198
0.049229 -0.0205363
0.0492517 -0.0327985
0.0492744 -0.0379797
0.0492971 -0.039282
0.0493197 -0.0404274
0.0493424 -0.0437908
0.0493651 -0.0495468
0.0493878 -0.0560369
0.0494104 -0.0607907
0.0494331 -0.0616976
0.0494558 -0.0578475
0.0494785 -0.0498011
0.0495011 -0.0395275
0.0495238 -0.0299197
0.0495465 -0.0238156
0.0495692 -0.0228599
0.0495918 -0.0267476
0.0496145 -0.0330212
0.0496372 -0.0377324
0.0496599 -0.0369923
0.0496825 -0.0289298
0.0497052 -0.01484
0.0497279 0.00154722
0.0497506 0.0160388
0.0497732 0.0257313
0.0497959 0.0297995
0.0498186 0.0294603
0.0498413 0.0276409
0.0498639 0.028208
0.0498866 0.034624
0.0499093 0.0483893
0.049932 0.0681198
0.0499546 0.0900469
0.0499773 0.109513
0.05 0.122288
0.0500227 0.125433
0.0500454 0.117988
0.050068 0.101719
0.0500907 0.0815367
0.0501134 0.0638593
0.0501361 0.0535468
0.0501587 0.0516808
0.0501814 0.0554936
0.0502041 0.0604051
0.0502268 0.0623931
0.0502494 0.0591625
0.0502721 0.0503498
0.0502948 0.0371443
0.0503175 0.0218338
0.0503401 0.00760055
0.0503628 -0.00222003
0.0503855 -0.00538468
0.0504082 -0.00184202
0.0504308 0.0060451
0.0504535 0.014565
0.0504762 0.0204331
0.0504989 0.0221379
0.0505215 0.0200208
0.0505442 0.0152173
0.0505669 0.00822425
0.0505896 -0.0018487
0.0506122 -0.0167005
0.0506349 -0.0373567
0.0506576 -0.0629811
0.0506803 -0.0907072
0.0507029 -0.116453
0.0507256 -0.136083
0.0507483 -0.146316
0.050771 -0.145557
0.0507937 -0.134638
0.0508163 -0.116801
0.050839 -0.0964212
0.0508617 -0.0773312
0.0508844 -0.0614688
0.050907 -0.0485989
0.0509297 -0.0369456
0.0509524 -0.0240049
0.0509751 -0.00758815
0.0509977 0.0131296
0.0510204 0.0369064
0.0510431 0.0603422
0.0510658 0.0787314
0.0510884 0.0876311
0.0511111 0.0846713
0.0511338 0.0705844
0.0511565 0.0488684
0.0511791 0.0244033
0.0512018 0.00183368
0.0512245 -0.0156683
0.0512472 -0.0270311
0.0512698 -0.0332763
0.0512925 -0.0368403
0.0513152 -0.0404257
0.0513379 -0.0460508
0.0513605 -0.0543228
0.0513832 -0.0639386
0.0514059 -0.0718803
0.0514286 -0.0746065
0.0514512 -0.0700544
0.0514739 -0.0592594
0.0514966 -0.0462925
0.0515193 -0.036291
0.051542 -0.0328048
0.0515646 -0.036065
0.0515873 -0.0430976
0.05161 -0.049305
0.0516327 -0.0504162
0.0516553 -0.0441668
0.051678 -0.0311787
0.0517007 -0.0146827
0.0517234 0.000954986
0.051746 0.0124893
0.0517687 0.0190769
0.0517914 0.0217845
0.0518141 0.022351
0.0518367 0.0225774
0.0518594 0.0246397
0.0518821 0.0313013
0.0519048 0.0449276
0.0519274 0.0656233
0.0519501 0.0900469
0.0519728 0.112251
0.0519955 0.126174
0.0520181 0.128554
0.0520408 0.12025
0.0520635 0.105268
0.0520862 0.0886371
0.0521088 0.0745176
0.0521315 0.0654655
0.0521542 0.0622905
0.0521769 0.0640488
0.0521995 0.0681771
0.0522222 0.0710787
0.0522449 0.0693305
0.0522676 0.0611931
0.0522902 0.0475188
0.0523129 0.0315477
0.0523356 0.0173836
0.0523583 0.00801361
0.052381 0.00427735
0.0524036 0.00497842
0.0524263 0.00794637
0.052449 0.0111902
0.0524717 0.013499
0.0524943 0.0147772
0.052517 0.015818
0.0525397 0.0173211
0.0525624 0.0184927
0.052585 0.0164382
0.0526077 0.00728643
0.0526304 -0.0114964
0.0526531 -0.0390073
0.0526757 -0.0706495
0.0526984 -0.0998981
0.0527211 -0.121084
0.0527438 -0.131492
0.0527664 -0.1317
0.0527891 -0.124402
0.0528118 -0.113024
0.0528345 -0.100701
0.0528571 -0.0896205
0.0528798 -0.0804546
0.0529025 -0.0721252
0.0529252 -0.0622303
0.0529478 -0.0481496
0.0529705 -0.0283356
0.0529932 -0.00326347
0.0530159 0.0243659
0.0530385 0.0503651
0.0530612 0.0703857
0.0530839 0.0812255
0.0531066 0.0816981
0.0531293 0.072669
0.0531519 0.0565095
0.0531746 0.0365894
0.0531973 0.0167665
0.05322 0.000543237
0.0532426 -0.0101302
0.0532653 -0.0158756
0.053288 -0.0196234
0.0533107 -0.0248761
0.0533333 -0.0336355
0.053356 -0.0452927
0.0533787 -0.0570338
0.0534014 -0.0651593
0.053424 -0.0667181
0.0534467 -0.0610852
0.0534694 -0.0507177
0.0534921 -0.0402619
0.0535147 -0.0342964
0.0535374 -0.0350418
0.0535601 -0.0413116
0.0535828 -0.0492096
0.0536054 -0.0543199
0.0536281 -0.0538087
0.0536508 -0.0471051
0.0536735 -0.0353917
0.0536961 -0.0207735
0.0537188 -0.00585496
0.0537415 0.0064503
0.0537642 0.0136966
0.0537868 0.0151591
0.0538095 0.0127169
0.0538322 0.0103321
0.0538549 0.0122479
0.0538776 0.0210922
0.0539002 0.0370582
0.0539229 0.0580653
0.0539456 0.0804256
0.0539683 0.0999812
0.0539909 0.113089
0.0540136 0.11755
0.0540363 0.11328
0.054059 0.102435
0.0540816 0.0888785
0.0541043 0.076885
0.054127 0.0695323
0.0541497 0.0676198
0.0541723 0.069657
0.054195 0.0727654
0.0542177 0.0738306
0.0542404 0.0705842
0.054263 0.0622598
0.0542857 0.0499179
0.0543084 0.036094
0.0543311 0.0237921
0.0543537 0.0151936
0.0543764 0.0107477
0.0543991 0.00928652
0.0544218 0.0090754
0.0544444 0.00919819
0.0544671 0.0101711
0.0544898 0.0132529
0.0545125 0.0190977
0.0545351 0.0266479
0.0545578 0.032939
0.0545805 0.0338961
0.0546032 0.0258905
0.0546259 0.0074203
0.0546485 -0.0198421
0.0546712 -0.0511589
0.0546939 -0.0803517
0.0547166 -0.102134
0.0547392 -0.1141
0.0547619 -0.117194
0.0547846 -0.114711
0.0548073 -0.11037
0.0548299 -0.106786
0.0548526 -0.104735
0.0548753 -0.103068
0.054898 -0.0994602
0.0549206 -0.0915701
0.0549433 -0.0779426
0.054966 -0.0582706
0.0549887 -0.0331808
0.0550113 -0.00449812
0.055034 0.0245303
0.0550567 0.0495704
0.0550794 0.0663722
0.055102 0.072286
0.0551247 0.0674179
0.0551474 0.0545707
0.0551701 0.0382071
0.0551927 0.0228766
0.0552154 0.0115405
0.0552381 0.00453401
0.0552608 -0.00031352
0.0552834 -0.00638568
0.0553061 -0.0162698
0.0553288 -0.0299641
0.0553515 -0.0446281
0.0553741 -0.056152
0.0553968 -0.0615207
0.0554195 -0.0603883
0.0554422 -0.0547094
0.0554649 -0.0472987
0.0554875 -0.0406495
0.0555102 -0.0367578
0.0555329 -0.0371388
0.0555556 -0.0422884
0.0555782 -0.0507206
0.0556009 -0.0588763
0.0556236 -0.0624591
0.0556463 -0.0585916
0.0556689 -0.0474684
0.0556916 -0.0324081
0.0557143 -0.0181462
0.055737 -0.00848758
0.0557596 -0.00477612
0.0557823 -0.00577044
0.055805 -0.00867498
0.0558277 -0.0102931
0.0558503 -0.00774193
0.055873 0.001086
0.0558957 0.0169637
0.0559184 0.0386577
0.055941 0.0628375
0.0559637 0.084893
0.0559864 0.100634
0.0560091 0.107754
0.0560317 0.106508
0.0560544 0.0993207
0.0560771 0.0896834
0.0560998 0.081075
0.0561224 0.0760258
0.0561451 0.0752798
0.0561678 0.077566
0.0561905 0.0803128
0.0562132 0.0809999
0.0562358 0.0783195
0.0562585 0.0724499
0.0562812 0.0644501
0.0563039 0.055414
0.0563265 0.046059
0.0563492 0.0369653
0.0563719 0.0287569
0.0563946 0.0220982
0.0564172 0.0176082
0.0564399 0.0158648
0.0564626 0.0175973
0.0564853 0.0233599
0.0565079 0.0327872
0.0565306 0.0441325
0.0565533 0.0540581
0.056576 0.0582014
0.0565986 0.0526054
0.0566213 0.0355372
0.056644 0.00889432
0.0566667 -0.0220546
0.0566893 -0.0509118
0.056712 -0.0729396
0.0567347 -0.0866966
0.0567574 -0.0938323
0.05678 -0.0974854
0.0568027 -0.100438
0.0568254 -0.104083
0.0568481 -0.108249
0.0568707 -0.111619
0.0568934 -0.112302
0.0569161 -0.108302
0.0569388 -0.0980819
0.0569615 -0.0810349
0.0569841 -0.0577705
0.0570068 -0.0302639
0.0570295 -0.00181115
0.0570522 0.0233588
0.0570748 0.0411509
0.0570975 0.0491899
0.0571202 0.0482417
0.0571429 0.0419885
0.0571655 0.0349325
0.0571882 0.029736
0.0572109 0.0259839
0.0572336 0.0213411
0.0572562 0.013595
0.0572789 0.00211012
0.0573016 -0.0120687
0.0573243 -0.0270443
0.0573469 -0.0408422
0.0573696 -0.051674
0.0573923 -0.0579306
0.057415 -0.0585476
0.0574376 -0.0538087
0.0574603 -0.0458801
0.057483 -0.0383953
0.0575057 -0.0349684
0.0575283 -0.0374982
0.057551 -0.0450991
0.0575737 -0.054507
0.0575964 -0.0616199
0.057619 -0.0632224
0.0576417 -0.0580386
0.0576644 -0.0469564
0.0576871 -0.0326314
0.0577098 -0.0187135
0.0577324 -0.00872004
0.0577551 -0.00473571
0.0577778 -0.00644922
0.0578005 -0.0112673
0.0578231 -0.0154102
0.0578458 -0.0152438
0.0578685 -0.00826395
0.0578912 0.00635171
0.0579138 0.0273598
0.0579365 0.0514861
0.0579592 0.0741252
0.0579819 0.0908347
0.0580045 0.099179
0.0580272 0.0996112
0.0580499 0.0948223
0.0580726 0.0880935
0.0580952 0.0818245
0.0581179 0.0771127
0.0581406 0.0740993
0.0581633 0.0723624
0.0581859 0.0713207
0.0582086 0.0704521
0.0582313 0.0693281
0.058254 0.0675271
0.0582766 0.0644544
0.0582993 0.0594808
0.058322 0.052281
0.0583447 0.0429785
0.0583673 0.0322556
0.05839 0.0214325
0.0584127 0.0124282
0.0584354 0.00753808
0.058458 0.00868642
0.0584807 0.0164499
0.0585034 0.0294243
0.0585261 0.0443583
0.0585488 0.057062
0.0585714 0.0634848
0.0585941 0.0607479
0.0586168 0.048002
0.0586395 0.0268333
0.0586621 0.000921011
0.0586848 -0.0250238
0.0587075 -0.0469549
0.0587302 -0.06311
0.0587528 -0.0742415
0.0587755 -0.0825058
0.0587982 -0.0898682
0.0588209 -0.0972514
0.0588435 -0.104703
0.0588662 -0.111694
0.0588889 -0.116861
0.0589116 -0.117764
0.0589342 -0.111529
0.0589569 -0.096555
0.0589796 -0.0738846
0.0590023 -0.0472192
0.0590249 -0.0214031
0.0590476 -0.000141382
0.0590703 0.0152774
0.059093 0.025674
0.0591156 0.0326172
0.0591383 0.0372397
0.059161 0.0398657
0.0591837 0.0403134
0.0592063 0.0382404
0.059229 0.0331668
0.0592517 0.0244529
0.0592744 0.0117043
0.0592971 -0.00452185
0.0593197 -0.0220872
0.0593424 -0.0375696
0.0593651 -0.0477135
0.0593878 -0.0510366
0.0594104 -0.048457
0.0594331 -0.0426111
0.0594558 -0.0367012
0.0594785 -0.0333903
0.0595011 -0.034323
0.0595238 -0.0398742
0.0595465 -0.0489147
0.0595692 -0.0587788
0.0595918 -0.065985
0.0596145 -0.0675313
0.0596372 -0.0621525
0.0596599 -0.0507468
0.0596825 -0.0360154
0.0597052 -0.0216842
0.0597279 -0.0114297
0.0597506 -0.00772786
0.0597732 -0.0106658
0.0597959 -0.0174701
0.0598186 -0.0235103
0.0598413 -0.0241601
0.0598639 -0.0166693
0.0598866 -0.000986695
0.0599093 0.0204703
0.059932 0.0438128
0.0599546 0.0650166
0.0599773 0.0812016
0.06 0.091404
0.0600227 0.0962882
0.0600454 0.0973355
0.060068 0.0959454
0.0600907 0.09311
0.0601134 0.0894057
0.0601361 0.0852056
0.0601587 0.0808632
0.0601814 0.076871
0.0602041 0.0740159
0.0602268 0.0730561
0.0602494 0.0740093
0.0602721 0.0755312
0.0602948 0.0750358
0.0603175 0.0697412
0.0603401 0.0582885
0.0603628 0.0419754
0.0603855 0.0244564
0.0604082 0.0101552
0.0604308 0.00255084
0.0604535 0.00323308
0.0604762 0.0117005
0.0604989 0.0255418
0.0605215 0.0410321
0.0605442 0.054154
0.0605669 0.0616188
0.0605896 0.0615411
0.0606122 0.0535007
0.0606349 0.0381953
0.0606576 0.0173117
0.0606803 -0.00638294
0.0607029 -0.0293348
0.0607256 -0.0482845
0.0607483 -0.0618324
0.060771 -0.0713165
0.0607937 -0.0799741
0.0608163 -0.0908303
0.060839 -0.104523
0.0608617 -0.118595
0.0608844 -0.128828
0.060907 -0.131633
0.0609297 -0.125764
0.0609524 -0.112363
0.0609751 -0.0938257
0.0609977 -0.0725081
0.0610204 -0.0503647
0.0610431 -0.0291733
0.0610658 -0.0104947
0.0610884 0.004825
0.0611111 0.0171821
0.0611338 0.0277872
0.0611565 0.0374945
0.0611791 0.0457615
0.0612018 0.0506316
0.0612245 0.0498083
0.0612472 0.0420643
0.0612698 0.0280454
0.0612925 0.0101485
0.0613152 -0.00825095
0.0613379 -0.0237442
0.0613605 -0.0338869
0.0613832 -0.0380485
0.0614059 -0.0375941
0.0614286 -0.0350714
0.0614512 -0.0329278
0.0614739 -0.0328679
0.0614966 -0.03583
0.0615193 -0.0421548
0.061542 -0.0514064
0.0615646 -0.0618169
0.0615873 -0.0702602
0.06161 -0.0732632
0.0616327 -0.06865
0.0616553 -0.0568755
0.061678 -0.0412539
0.0617007 -0.0266895
0.0617234 -0.0175481
0.061746 -0.0157124
0.0617687 -0.0198649
0.0617914 -0.0263603
0.0618141 -0.0310521
0.0618367 -0.030725
0.0618594 -0.0238118
0.0618821 -0.0104797
0.0619048 0.00766909
0.0619274 0.028066
0.0619501 0.0477344
0.0619728 0.0640476
0.0619955 0.0756283
0.0620181 0.0827329
0.0620408 0.0865425
0.0620635 0.0879545
0.0620862 0.0869923
0.0621088 0.0833673
0.0621315 0.0776271
0.0621542 0.0715761
0.0621769 0.0675489
0.0621995 0.0672392
0.0622222 0.0709249
0.0622449 0.0773411
0.0622676 0.0838022
0.0622902 0.0867509
0.0623129 0.0829421
0.0623356 0.0709593
0.0623583 0.0524337
0.062381 0.0318501
0.0624036 0.0149052
0.0624263 0.00579059
0.062449 0.0055263
0.0624717 0.0124762
0.0624943 0.0239385
0.062517 0.0374202
0.0625397 0.0507398
0.0625624 0.0613379
0.062585 0.0661702
0.0626077 0.0627773
0.0626304 0.0508623
0.0626531 0.0330505
0.0626757 0.0137277
0.0626984 -0.00327635
0.0627211 -0.0165762
0.0627438 -0.0274231
0.0627664 -0.0383589
0.0627891 -0.0513735
0.0628118 -0.067006
0.0628345 -0.0842835
0.0628571 -0.101247
0.0628798 -0.115319
0.0629025 -0.123747
0.0629252 -0.124322
0.0629478 -0.116367
0.0629705 -0.101266
0.0629932 -0.0819001
0.0630159 -0.0613985
0.0630385 -0.0420133
0.0630612 -0.0246272
0.0630839 -0.00885618
0.0631066 0.00636506
0.0631293 0.0219586
0.0631519 0.0378563
0.0631746 0.0523674
0.0631973 0.062407
0.06322 0.0649302
0.0632426 0.0586133
0.0632653 0.0446846
0.063288 0.0263553
0.0633107 0.00739527
0.0633333 -0.00903189
0.063356 -0.02101
0.0633787 -0.028134
0.0634014 -0.0311183
0.063424 -0.0314488
0.0634467 -0.0312207
0.0634694 -0.0326765
0.0634921 -0.0376028
0.0635147 -0.0465119
0.0635374 -0.0581315
0.0635601 -0.0696205
0.0635828 -0.0774766
0.0636054 -0.0789167
0.0636281 -0.073137
0.0636508 -0.0617189
0.0636735 -0.0480307
0.0636961 -0.0360456
0.0637188 -0.0291038
0.0637415 -0.0288479
0.0637642 -0.0345441
0.0637868 -0.0430232
0.0638095 -0.0497217
0.0638322 -0.0506784
0.0638549 -0.0441959
0.0638776 -0.0312259
0.0639002 -0.0143692
0.0639229 0.0037024
0.0639456 0.0212791
0.0639683 0.0375602
0.0639909 0.052032
0.0640136 0.0642058
0.0640363 0.0735695
0.064059 0.0796335
0.0640816 0.0819491
0.0641043 0.0804491
0.064127 0.076027
0.0641497 0.0710001
0.0641723 0.0685511
0.064195 0.0711662
0.0642177 0.079037
0.0642404 0.0894774
0.064263 0.0980425
0.0642857 0.100672
0.0643084 0.0952836
0.0643311 0.0822483
0.0643537 0.063798
0.0643764 0.0431316
0.0643991 0.0239357
0.0644218 0.00996435
0.0644444 0.00421083
0.0644671 0.00781095
0.0644898 0.0192907
0.0645125 0.0347291
0.0645351 0.0491486
0.0645578 0.058465
0.0645805 0.0607769
0.0646032 0.0564402
0.0646259 0.0472275
0.0646485 0.0352721
0.0646712 0.0225253
0.0646939 0.0105895
0.0647166 0.000206947
0.0647392 -0.00931382
0.0647619 -0.0199221
0.0647846 -0.0337303
0.0648073 -0.051573
0.0648299 -0.0724173
0.0648526 -0.0937127
0.0648753 -0.112198
0.064898 -0.124926
0.0649206 -0.130008
0.0649433 -0.127176
0.064966 -0.117856
0.0649887 -0.104456
0.0650113 -0.0892663
0.065034 -0.0735803
0.0650567 -0.0574274
0.0650794 -0.0400584
0.065102 -0.0208873
0.0651247 -0.00027132
0.0651474 0.0204133
0.0651701 0.0390744
0.0651927 0.0533503
0.0652154 0.0611067
0.0652381 0.0609931
0.0652608 0.053063
0.0652834 0.0391662
0.0653061 0.0225
0.0653288 0.00683045
0.0653515 -0.0044862
0.0653741 -0.00981522
0.0653968 -0.0100675
0.0654195 -0.00831151
0.0654422 -0.00820136
0.0654649 -0.012271
0.0654875 -0.0211293
0.0655102 -0.0337447
0.0655329 -0.0480429
0.0655556 -0.061379
0.0655782 -0.0707864
0.0656009 -0.0736318
0.0656236 -0.0687929
0.0656463 -0.0577886
0.0656689 -0.044629
0.0656916 -0.0341409
0.0657143 -0.0297323
0.065737 -0.0319992
0.0657596 -0.0389379
0.0657823 -0.0472605
0.065805 -0.0537684
0.0658277 -0.056077
0.0658503 -0.0529586
0.065873 -0.0444219
0.0658957 -0.0314682
0.0659184 -0.0155447
0.065941 0.00213134
0.0659637 0.0207506
0.0659864 0.0394713
0.0660091 0.0566105
0.0660317 0.0695364
0.0660544 0.0759
0.0660771 0.075284
0.0660998 0.0698248
0.0661224 0.0633123
0.0661451 0.0594304
0.0661678 0.06016
0.0661905 0.0654538
0.0662132 0.0739616
0.0662358 0.0839736
0.0662585 0.093636
0.0662812 0.100379
0.0663039 0.100981
0.0663265 0.0929589
0.0663492 0.0763483
0.0663719 0.0545224
0.0663946 0.033163
0.0664172 0.0177926
0.0664399 0.0115837
0.0664626 0.014712
0.0664853 0.0248847
0.0665079 0.0383683
0.0665306 0.0511497
0.0665533 0.0600905
0.066576 0.0635953
0.0665986 0.061641
0.0666213 0.0553728
0.066644 0.0465552
0.0666667 0.0369804
0.0666893 0.028048
0.066712 0.0202971
0.0667347 0.0130132
0.0667574 0.00431204
0.06678 -0.00801361
0.0668027 -0.0250341
0.0668254 -0.0458498
0.0668481 -0.0678054
0.0668707 -0.0876191
0.0668934 -0.102768
0.0669161 -0.112286
0.0669388 -0.116563
0.0669615 -0.116652
0.0669841 -0.113536
0.0670068 -0.107493
0.0670295 -0.0981245
0.0670522 -0.0849898
0.0670748 -0.0681052
0.0670975 -0.0480226
0.0671202 -0.0256038
0.0671429 -0.00198102
0.0671655 0.0211614
0.0671882 0.0410782
0.0672109 0.0542659
0.0672336 0.0580107
0.0672562 0.0519203
0.0672789 0.0384417
0.0673016 0.0219488
0.0673243 0.00701714
0.0673469 -0.00302649
0.0673696 -0.00695193
0.0673923 -0.00582445
0.067415 -0.00268912
0.0674376 -0.00158143
0.0674603 -0.00590289
0.067483 -0.0168347
0.0675057 -0.032726
0.0675283 -0.0497348
0.067551 -0.0636159
0.0675737 -0.0714761
0.0675964 -0.0723197
0.067619 -0.0668632
0.0676417 -0.0570153
0.0676644 -0.0456399
0.0676871 -0.0360619
0.0677098 -0.0308989
0.0677324 -0.0310986
0.0677551 -0.0354568
0.0677778 -0.0414903
0.0678005 -0.047038
0.0678231 -0.0509902
0.0678458 -0.0529243
0.0678685 -0.0520511
0.0678912 -0.0466778
0.0679138 -0.0350209
0.0679365 -0.0167499
0.0679592 0.0060035
0.0679819 0.0290529
0.0680045 0.0481162
0.0680272 0.0607228
0.0680499 0.0667024
0.0680726 0.0673778
0.0680952 0.0645838
0.0681179 0.0603913
0.0681406 0.0570961
0.0681633 0.0570359
0.0681859 0.0618817
0.0682086 0.0717053
0.0682313 0.0847272
0.068254 0.0977422
0.0682766 0.1068
0.0682993 0.108232
0.068322 0.100007
0.0683447 0.0827755
0.0683673 0.0600897
0.06839 0.0375255
0.0684127 0.0205641
0.0684354 0.0124891
0.068458 0.0135725
0.0684807 0.0215778
0.0685034 0.032963
0.0685261 0.0441121
0.0685488 0.0522369
0.0685714 0.0559528
0.0685941 0.0552838
0.0686168 0.0514145
0.0686395 0.0461094
0.0686621 0.0408074
0.0686848 0.0360512
0.0687075 0.0312862
0.0687302 0.0251505
0.0687528 0.0162039
0.0687755 0.00365484
0.0687982 -0.0120243
0.0688209 -0.0293673
0.0688435 -0.0467533
0.0688662 -0.0631346
0.0688889 -0.0781288
0.0689116 -0.0914425
0.0689342 -0.102428
0.0689569 -0.110216
0.0689796 -0.114238
0.0690023 -0.11444
0.0690249 -0.11083
0.0690476 -0.102877
0.0690703 -0.089664
0.069093 -0.0707701
0.0691156 -0.0470117
0.0691383 -0.0205615
0.069161 0.00553858
0.0691837 0.0280012
0.0692063 0.0437374
0.069229 0.0503746
0.0692517 0.0472255
0.0692744 0.0362003
0.0692971 0.0218458
0.0693197 0.00975049
0.0693424 0.00395489
0.0693651 0.00508773
0.0693878 0.0103321
0.0694104 0.0151944
0.0694331 0.015572
0.0694558 0.00903988
0.0694785 -0.00450361
0.0695011 -0.0229237
0.0695238 -0.0424618
0.0695465 -0.05884
0.0695692 -0.0687516
0.0695918 -0.0709562
0.0696145 -0.0666379
0.0696372 -0.0585887
0.0696599 -0.0497029
0.0696825 -0.0417389
0.0697052 -0.0352789
0.0697279 -0.0306487
0.0697506 -0.0287856
0.0697732 -0.0309229
0.0697959 -0.0371339
0.0698186 -0.0454744
0.0698413 -0.0525384
0.0698639 -0.0547584
0.0698866 -0.0498818
0.0699093 -0.0376301
0.069932 -0.0193781
0.0699546 0.0024122
0.0699773 0.024615
0.07 0.0438223
0.0700227 0.0570714
0.0700454 0.0627898
0.070068 0.0613685
0.0700907 0.0550474
0.0701134 0.0471655
0.0701361 0.041344
0.0701587 0.0405066
0.0701814 0.0460814
0.0702041 0.0575699
0.0702268 0.0726039
0.0702494 0.0876156
0.0702721 0.0988108
0.0702948 0.102903
0.0703175 0.0978874
0.0703401 0.0838417
0.0703628 0.0633376
0.0703855 0.0410019
0.0704082 0.0222015
0.0704308 0.0111132
0.0704535 0.00924754
0.0704762 0.0151253
0.0704989 0.0251025
0.0705215 0.0349587
0.0705442 0.0416486
0.0705669 0.0442747
0.0705896 0.0439888
0.0706122 0.0428417
0.0706349 0.0421848
0.0706576 0.0418638
0.0706803 0.0406964
0.0707029 0.037611
0.0707256 0.0323235
0.0707483 0.0250162
0.070771 0.0158166
0.0707937 0.00456417
0.0708163 -0.00885022
0.070839 -0.0238519
0.0708617 -0.0392853
0.0708844 -0.0541751
0.070907 -0.0682079
0.0709297 -0.0814431
0.0709524 -0.0936543
0.0709751 -0.10392
0.0709977 -0.110808
0.0710204 -0.11299
0.0710431 -0.109558
0.0710658 -0.0997471
0.0710884 -0.0829325
0.0711111 -0.0593077
0.0711338 -0.03084
0.0711565 -0.00130963
0.0711791 0.0246167
0.0712018 0.0428553
0.0712245 0.0513508
0.0712472 0.0504733
0.0712698 0.0427158
0.0712925 0.0320114
0.0713152 0.0226669
0.0713379 0.0180484
0.0713605 0.0192903
0.0713832 0.0245293
0.0714059 0.0292201
0.0714286 0.0281613
0.0714512 0.0184295
0.0714739 0.000943065
0.0714966 -0.0202211
0.0715193 -0.0402757
0.071542 -0.0560875
0.0715646 -0.0667597
0.0715873 -0.0726033
0.07161 -0.0739429
0.0716327 -0.0708683
0.0716553 -0.0639894
0.071678 -0.0550162
0.0717007 -0.0463909
0.0717234 -0.040447
0.071746 -0.0386323
0.0717687 -0.0412546
0.0717914 -0.0475857
0.0718141 -0.0558698
0.0718367 -0.0634718
0.0718594 -0.0674422
0.0718821 -0.0652705
0.0719048 -0.0556813
0.0719274 -0.0389171
0.0719501 -0.0167022
0.0719728 0.00771546
0.0719955 0.0301796
0.0720181 0.0466875
0.0720408 0.0546801
0.0720635 0.0543119
0.0720862 0.048332
0.0721088 0.0409175
0.0721315 0.0362718
0.0721542 0.0371734
0.0721769 0.0444405
0.0721995 0.0570862
0.0722222 0.0728525
0.0722449 0.0887907
0.0722676 0.10157
0.0722902 0.107828
0.0723129 0.105028
0.0723356 0.0927143
0.0723583 0.0734142
0.072381 0.0521291
0.0724036 0.0344464
0.0724263 0.0241399
0.072449 0.0216745
0.0724717 0.0246865
0.0724943 0.029874
0.072517 0.0347382
0.0725397 0.0382183
0.0725624 0.0403243
0.072585 0.0414181
0.0726077 0.0418304
0.0726304 0.041929
0.0726531 0.0420064
0.0726757 0.0419255
0.0726984 0.0409693
0.0727211 0.0382782
0.0727438 0.0334209
0.0727664 0.026467
0.0727891 0.0176148
0.0728118 0.00690114
0.0728345 -0.00557685
0.0728571 -0.0193737
0.0728798 -0.0337088
0.0729025 -0.0479705
0.0729252 -0.0620894
0.0729478 -0.0764173
0.0729705 -0.09106
0.0729932 -0.104975
0.0730159 -0.115601
0.0730385 -0.119741
0.0730612 -0.115012
0.0730839 -0.100909
0.0731066 -0.0789524
0.0731293 -0.0519916
0.0731519 -0.023564
0.0731746 0.00244093
0.0731973 0.0222456
0.07322 0.0333011
0.0732426 0.0355725
0.0732653 0.0319198
0.073288 0.0269433
0.0733107 0.0247129
0.0733333 0.0267888
0.073356 0.0319533
0.0733787 0.0373493
0.0734014 0.0399787
0.073424 0.0377063
0.0734467 0.0295172
0.0734694 0.0156952
0.0734921 -0.00212288
0.0735147 -0.0214478
0.0735374 -0.039673
0.0735601 -0.0546989
0.0735828 -0.065213
0.0736054 -0.0705433
0.0736281 -0.07073
0.0736508 -0.0666958
0.0736735 -0.0602061
0.0736961 -0.0534822
0.0737188 -0.0485929
0.0737415 -0.0469306
0.0737642 -0.0491304
0.0737868 -0.0551403
0.0738095 -0.0640389
0.0738322 -0.0736569
0.0738549 -0.0807245
0.0738776 -0.0818371
0.0739002 -0.0746931
0.0739229 -0.0590402
0.0739456 -0.0369456
0.0739683 -0.0122563
0.0739909 0.0105822
0.0740136 0.0277523
0.0740363 0.0371797
0.074059 0.0390368
0.0740816 0.0353757
0.0741043 0.029531
0.074127 0.0252913
0.0741497 0.0259278
0.0741723 0.0334305
0.074195 0.0477641
0.0742177 0.0665245
0.0742404 0.0855273
0.074263 0.100231
0.0742857 0.107367
0.0743084 0.105967
0.0743311 0.0972399
0.0743537 0.0837361
0.0743764 0.0685607
0.0743991 0.0547707
0.0744218 0.0448062
0.0744444 0.0397769
0.0744671 0.0390499
0.0744898 0.04067
0.0745125 0.0425502
0.0745351 0.0434824
0.0745578 0.0434877
0.0745805 0.0433114
0.0746032 0.0434339
0.0746259 0.0437537
0.0746485 0.043925
0.0746712 0.0437291
0.0746939 0.0431128
0.0747166 0.041803
0.0747392 0.0389984
0.0747619 0.0337635
0.0747846 0.0258267
0.0748073 0.0160111
0.0748299 0.00570691
0.0748526 -0.00412571
0.0748753 -0.0137333
0.074898 -0.0242783
0.0749206 -0.0370011
0.0749433 -0.0524853
0.074966 -0.0702605
0.0749887 -0.0887623
0.0750113 -0.105374
0.075034 -0.116486
0.0750567 -0.118421
0.0750794 -0.109101
0.075102 -0.0894221
0.0751247 -0.0633743
0.0751474 -0.0363691
0.0751701 -0.0129346
0.0751927 0.00463998
0.0752154 0.0162866
0.0752381 0.0232621
0.0752608 0.0271885
0.0752834 0.0295343
0.0753061 0.0315572
0.0753288 0.0342989
0.0753515 0.0381727
0.0753741 0.042681
0.0753968 0.0464295
0.0754195 0.0473706
0.0754422 0.0434964
0.0754649 0.0337324
0.0754875 0.018446
0.0755102 -0.000433803
0.0755329 -0.0199864
0.0755556 -0.0373996
0.0755782 -0.0508138
0.0756009 -0.0593662
0.0756236 -0.0629492
0.0756463 -0.0620294
0.0756689 -0.0575769
0.0756916 -0.0512453
0.0757143 -0.0453348
0.075737 -0.0422769
0.0757596 -0.0440273
0.0757823 -0.05134
0.075805 -0.0631577
0.0758277 -0.076574
0.0758503 -0.0875
0.075873 -0.0920714
0.0758957 -0.0881927
0.0759184 -0.0760295
0.075941 -0.0574473
0.0759637 -0.0351977
0.0759864 -0.012525
0.0760091 0.00683129
0.0760317 0.0193011
0.0760544 0.0231065
0.0760771 0.019621
0.0760998 0.0132854
0.0761224 0.00958121
0.0761451 0.0124711
0.0761678 0.022971
0.0761905 0.0393597
0.0762132 0.0583313
0.0762358 0.0762557
0.0762585 0.0902038
0.0762812 0.0982596
0.0763039 0.099664
0.0763265 0.0950756
0.0763492 0.086345
0.0763719 0.0757746
0.0763946 0.0652796
0.0764172 0.0560398
0.0764399 0.0488169
0.0764626 0.0440813
0.0764853 0.041858
0.0765079 0.0415963
0.0765306 0.0422506
0.0765533 0.0427787
0.076576 0.0428092
0.0765986 0.0427257
0.0766213 0.0430628
0.076644 0.0438704
0.0766667 0.0445805
0.0766893 0.0444105
0.076712 0.0428604
0.0767347 0.039788
0.0767574 0.0351303
0.07678 0.0287952
0.0768027 0.0209274
0.0768254 0.0123003
0.0768481 0.00417686
0.0768707 -0.00285208
0.0768934 -0.00995338
0.0769161 -0.0198399
0.0769388 -0.035146
0.0769615 -0.0563954
0.0769841 -0.0808872
0.0770068 -0.103529
0.0770295 -0.118925
0.0770522 -0.123523
0.0770748 -0.116779
0.0770975 -0.10095
0.0771202 -0.0799917
0.0771429 -0.0580525
0.0771655 -0.0380951
0.0771882 -0.0213779
0.0772109 -0.00789571
0.0772336 0.00268435
0.0772562 0.0106122
0.0772789 0.0163993
0.0773016 0.0211266
0.0773243 0.0263138
0.0773469 0.033067
0.0773696 0.0411301
0.0773923 0.0488187
0.077415 0.05353
0.0774376 0.0529245
0.0774603 0.0459293
0.077483 0.0330454
0.0775057 0.0160217
0.0775283 -0.00281584
0.077551 -0.0212426
0.0775737 -0.0374213
0.0775964 -0.0498085
0.077619 -0.0570468
0.0776417 -0.0583119
0.0776644 -0.0541482
0.0776871 -0.0469393
0.0777098 -0.0402123
0.0777324 -0.0371399
0.0777551 -0.0392181
0.0777778 -0.0462795
0.0778005 -0.0570155
0.0778231 -0.0693567
0.0778458 -0.080546
0.0778685 -0.0873402
0.0778912 -0.0867258
0.0779138 -0.0772085
0.0779365 -0.0597745
0.0779592 -0.0377625
0.0779819 -0.0157374
0.0780045 0.00203013
0.0780272 0.0126443
0.0780499 0.0152391
0.0780726 0.0113581
0.0780952 0.00470197
0.0781179 3.31402e-05
0.0781406 0.00152588
0.0781633 0.0109649
0.0781859 0.0269847
0.0782086 0.0459701
0.0782313 0.0638673
0.078254 0.0777037
0.0782766 0.0862848
0.0782993 0.0897236
0.078322 0.0885733
0.0783447 0.0835651
0.0783673 0.0758282
0.07839 0.0669839
0.0784127 0.0587158
0.0784354 0.0520924
0.078458 0.0472668
0.0784807 0.0439118
0.0785034 0.0417663
0.0785261 0.0408183
0.0785488 0.0409518
0.0785714 0.0415888
0.0785941 0.0420215
0.0786168 0.0421277
0.0786395 0.0424993
0.0786621 0.0437062
0.0786848 0.0453765
0.0787075 0.0460992
0.0787302 0.044378
0.0787528 0.0397602
0.0787755 0.0333177
0.0787982 0.0270317
0.0788209 0.0225008
0.0788435 0.0199983
0.0788662 0.0181236
0.0788889 0.0140449
0.0789116 0.00455666
0.0789342 -0.0122241
0.0789569 -0.0356339
0.0789796 -0.0622728
0.0790023 -0.0870366
0.0790249 -0.105116
0.0790476 -0.11356
0.0790703 -0.111857
0.079093 -0.101646
0.0791156 -0.0858552
0.0791383 -0.0677912
0.079161 -0.0502871
0.0791837 -0.0350891
0.0792063 -0.0227109
0.079229 -0.0128015
0.0792517 -0.00468099
0.0792744 0.00256252
0.0792971 0.0100898
0.0793197 0.0189247
0.0793424 0.0292156
0.0793651 0.0399113
0.0793878 0.0492709
0.0794104 0.0556836
0.0794331 0.0579041
0.0794558 0.0548927
0.0794785 0.0459207
0.0795011 0.0310824
0.0795238 0.0118861
0.0795465 -0.00871718
0.0795692 -0.0273486
0.0795918 -0.0413288
0.0796145 -0.0493258
0.0796372 -0.0514123
0.0796599 -0.0486127
0.0796825 -0.0426742
0.0797052 -0.0361184
0.0797279 -0.0320574
0.0797506 -0.0333117
0.0797732 -0.0413072
0.0797959 -0.0552741
0.0798186 -0.0721674
0.0798413 -0.0877765
0.0798639 -0.0980662
0.0798866 -0.100085
0.0799093 -0.092584
0.079932 -0.0763458
0.0799546 -0.0542632
0.0799773 -0.0309078
0.08 -0.0113348
0.0800227 0.000697851
0.0800454 0.00420487
0.080068 0.00125611
0.0800907 -0.00413907
0.0801134 -0.00757921
0.0801361 -0.00565052
0.0801587 0.00315285
0.0801814 0.0182887
0.0802041 0.0373672
0.0802268 0.0567367
0.0802494 0.0727738
0.0802721 0.0834227
0.0802948 0.0886583
0.0803175 0.0896575
0.0803401 0.0876288
0.0803628 0.0830394
0.0803855 0.0759515
0.0804082 0.0670584
0.0804308 0.0579661
0.0804535 0.0503691
0.0804762 0.045091
0.0804989 0.0417069
0.0805215 0.0392464
0.0805442 0.03713
0.0805669 0.0355005
0.0805896 0.0349743
0.0806122 0.0359883
0.0806349 0.0382841
0.0806576 0.040836
0.0806803 0.0421629
0.0807029 0.040947
0.0807256 0.036919
0.0807483 0.0312908
0.080771 0.0263542
0.0807937 0.0242462
0.0808163 0.025538
0.080839 0.0287104
0.0808617 0.0309064
0.0808844 0.0289736
0.080907 0.0203909
0.0809297 0.00409639
0.0809524 -0.0188687
0.0809751 -0.0453809
0.0809977 -0.0711721
0.0810204 -0.0920919
0.0810431 -0.10507
0.0810658 -0.108665
0.0810884 -0.103225
0.0811111 -0.0909443
0.0811338 -0.0754119
0.0811565 -0.0602348
0.0811791 -0.0475119
0.0812018 -0.0371901
0.0812245 -0.0278206
0.0812472 -0.0181211
0.0812698 -0.00786209
0.0812925 0.00264907
0.0813152 0.0133797
0.0813379 0.024897
0.0813605 0.037727
0.0813832 0.0512232
0.0814059 0.0632154
0.0814286 0.070859
0.0814512 0.0719074
0.0814739 0.0654713
0.0814966 0.052067
0.0815193 0.0333352
0.081542 0.011784
0.0815646 -0.00944841
0.0815873 -0.0270448
0.08161 -0.0382416
0.0816327 -0.0417989
0.0816553 -0.0385889
0.081678 -0.0313374
0.0817007 -0.0238115
0.0817234 -0.0197548
0.081746 -0.0219501
0.0817687 -0.0316595
0.0817914 -0.048141
0.0818141 -0.0683985
0.0818367 -0.0876956
0.0818594 -0.101101
0.0818821 -0.105403
0.0819048 -0.100032
0.0819274 -0.0866774
0.0819501 -0.0683134
0.0819728 -0.0483249
0.0819955 -0.0302505
0.0820181 -0.0175323
0.0820408 -0.0123507
0.0820635 -0.0142024
0.0820862 -0.0196118
0.0821088 -0.0235318
0.0821315 -0.0218356
0.0821542 -0.0130086
0.0821769 0.0018394
0.0821995 0.020041
0.0822222 0.0386556
0.0822449 0.0553634
0.0822676 0.0686668
0.0822902 0.0778213
0.0823129 0.0827384
0.0823356 0.0838653
0.0823583 0.08197
0.082381 0.0778971
0.0824036 0.0725169
0.0824263 0.0666491
0.082449 0.0608203
0.0824717 0.0550425
0.0824943 0.0491134
0.082517 0.0434004
0.0825397 0.0390388
0.0825624 0.0373315
0.082585 0.0387275
0.0826077 0.0422183
0.0826304 0.0457642
0.0826531 0.0473218
0.0826757 0.0456305
0.0826984 0.0407187
0.0827211 0.0341123
0.0827438 0.0282421
0.0827664 0.0253428
0.0827891 0.0263568
0.0828118 0.0304344
0.0828345 0.0354602
0.0828571 0.0389158
0.0828798 0.0385523
0.0829025 0.0324744
0.0829252 0.0192363
0.0829478 -0.00136101
0.0829705 -0.0273554
0.0829932 -0.0547043
0.0830159 -0.0785081
0.0830385 -0.0948346
0.0830612 -0.102132
0.0830839 -0.101223
0.0831066 -0.0943085
0.0831293 -0.0839283
0.0831519 -0.0723083
0.0831746 -0.0610825
0.0831973 -0.0512356
0.08322 -0.0429356
0.0832426 -0.0354726
0.0832653 -0.0276281
0.083288 -0.0183237
0.0833107 -0.00696564
0.0833333 0.00646508
0.083356 0.0214353
0.0833787 0.0369468
0.0834014 0.051471
0.083424 0.0628392
0.0834467 0.0686173
0.0834694 0.066987
0.0834921 0.0574979
0.0835147 0.0413214
0.0835374 0.0208968
0.0835601 -0.00058794
0.0835828 -0.0196183
0.0836054 -0.0328707
0.0836281 -0.0379778
0.0836508 -0.0346761
0.0836735 -0.025602
0.0836961 -0.0156949
0.0837188 -0.010277
0.0837415 -0.0128412
0.0837642 -0.0239724
0.0837868 -0.0417838
0.0838095 -0.0628582
0.0838322 -0.0831145
0.0838549 -0.0984105
0.0838776 -0.105427
0.0839002 -0.102677
0.0839229 -0.0911826
0.0839456 -0.0741881
0.0839683 -0.0558954
0.0839909 -0.040085
0.0840136 -0.0292504
0.0840363 -0.0243204
0.084059 -0.0245914
0.0840816 -0.0278108
0.0841043 -0.0306712
0.084127 -0.0298373
0.0841497 -0.023206
0.0841723 -0.010579
0.084195 0.0065974
0.0842177 0.0258399
0.0842404 0.0442189
0.084263 0.0592285
0.0842857 0.0697006
0.0843084 0.0761236
0.0843311 0.0799469
0.0843537 0.0824436
0.0843764 0.083919
0.0843991 0.0837479
0.0844218 0.0811516
0.0844444 0.0758747
0.0844671 0.0684894
0.0844898 0.0603294
0.0845125 0.0532006
0.0845351 0.0489385
0.0845578 0.0484792
0.0845805 0.0510546
0.0846032 0.0544323
0.0846259 0.0560998
0.0846485 0.0546116
0.0846712 0.0501338
0.0846939 0.0439276
0.0847166 0.0375708
0.0847392 0.0326099
0.0847619 0.0304903
0.0847846 0.0323404
0.0848073 0.0382706
0.0848299 0.0466462
0.0848526 0.0541236
0.0848753 0.0569308
0.084898 0.0523651
0.0849206 0.0396225
0.0849433 0.0198413
0.084966 -0.00453579
0.0849887 -0.030558
0.0850113 -0.05522
0.085034 -0.0756978
0.0850567 -0.0897177
0.0850794 -0.0961336
0.085102 -0.0955433
0.0851247 -0.0900506
0.0851474 -0.0823748
0.0851701 -0.074753
0.0851927 -0.0682607
0.0852154 -0.0628254
0.0852381 -0.0576526
0.0852608 -0.0515616
0.0852834 -0.0432137
0.0853061 -0.0315448
0.0853288 -0.0162824
0.0853515 0.00159907
0.0853741 0.0202054
0.0853968 0.0376085
0.0854195 0.0523516
0.0854422 0.0629702
0.0854649 0.0674841
0.0854875 0.0638574
0.0855102 0.0513794
0.0855329 0.031728
0.0855556 0.00898659
0.0855782 -0.011765
0.0856009 -0.0263228
0.0856236 -0.0325038
0.0856463 -0.0304254
0.0856689 -0.0222399
0.0856916 -0.011892
0.0857143 -0.00444114
0.085737 -0.00443757
0.0857596 -0.0140357
0.0857823 -0.0320311
0.085805 -0.0543669
0.0858277 -0.0756869
0.0858503 -0.0911301
0.085873 -0.0977849
0.0858957 -0.095318
0.0859184 -0.0856614
0.085941 -0.0719194
0.0859637 -0.0571146
0.0859864 -0.0436326
0.0860091 -0.0332738
0.0860317 -0.0273852
0.0860544 -0.0264177
0.0860771 -0.0291778
0.0860998 -0.0326451
0.0861224 -0.0329556
0.0861451 -0.0272493
0.0861678 -0.0150522
0.0861905 0.00177801
0.0862132 0.0200161
0.0862358 0.0364218
0.0862585 0.0489786
0.0862812 0.0575345
0.0863039 0.0635822
0.0863265 0.0690583
0.0863492 0.0748973
0.0863719 0.0802361
0.0863946 0.0829697
0.0864172 0.0814065
0.0864399 0.075597
0.0864626 0.0673139
0.0864853 0.0589389
0.0865079 0.0522907
0.0865306 0.0482748
0.0865533 0.0471358
0.086576 0.0485946
0.0865986 0.0516744
0.0866213 0.0545683
0.086644 0.0550169
0.0866667 0.0513406
0.0866893 0.0436685
0.086712 0.0342983
0.0867347 0.0266515
0.0867574 0.0236582
0.08678 0.0264597
0.0868027 0.0339952
0.0868254 0.0436321
0.0868481 0.0521603
0.0868707 0.0566843
0.0868934 0.0551751
0.0869161 0.0466506
0.0869388 0.0313526
0.0869615 0.010778
0.0869841 -0.0127184
0.0870068 -0.0365678
0.0870295 -0.0583228
0.0870522 -0.0757334
0.0870748 -0.0869604
0.0870975 -0.0912504
0.0871202 -0.0897038
0.0871429 -0.085055
0.0871655 -0.0802357
0.0871882 -0.0768719
0.0872109 -0.0745562
0.0872336 -0.0716722
0.0872562 -0.0668515
0.0872789 -0.0595738
0.0873016 -0.049698
0.0873243 -0.0367764
0.0873469 -0.0203182
0.0873696 -0.000701666
0.0873923 0.0202976
0.087415 0.03992
0.0874376 0.0553237
0.0874603 0.0641643
0.087483 0.0647891
0.0875057 0.0565248
0.0875283 0.0403688
0.087551 0.0193242
0.0875737 -0.00210774
0.0875964 -0.0190359
0.087619 -0.0277179
0.0876417 -0.0269839
0.0876644 -0.0188047
0.0876871 -0.0079205
0.0877098 -0.000269294
0.0877324 -0.000602603
0.0877551 -0.0105711
0.0877778 -0.0281966
0.0878005 -0.0491486
0.0878231 -0.0687792
0.0878458 -0.0834312
0.0878685 -0.0909986
0.0878912 -0.0909797
0.0879138 -0.0842159
0.0879365 -0.072703
0.0879592 -0.0591882
0.0879819 -0.0464944
0.0880045 -0.0369276
0.0880272 -0.0318727
0.0880499 -0.0314951
0.0880726 -0.0343277
0.0880952 -0.037261
0.0881179 -0.0368534
0.0881406 -0.0309948
0.0881633 -0.0199279
0.0881859 -0.0059731
0.0882086 0.00809026
0.0882313 0.0206845
0.088254 0.0317755
0.0882766 0.0421579
0.0882993 0.0524471
0.088322 0.0626148
0.0883447 0.0720108
0.0883673 0.0797174
0.08839 0.0847646
0.0884127 0.0860933
0.0884354 0.0829383
0.088458 0.0755707
0.0884807 0.0657208
0.0885034 0.0562037
0.0885261 0.0499171
0.0885488 0.0484759
0.0885714 0.0513453
0.0885941 0.0560933
0.0886168 0.0595112
0.0886395 0.059182
0.0886621 0.0542403
0.0886848 0.0455004
0.0887075 0.0352156
0.0887302 0.0265096
0.0887528 0.0223306
0.0887755 0.0241867
0.0887982 0.0313404
0.0888209 0.0411733
0.0888435 0.0504719
0.0888662 0.056697
0.0888889 0.0583806
0.0889116 0.0546998
0.0889342 0.0450706
0.0889569 0.0295303
0.0889796 0.00938153
0.0890023 -0.0127681
0.0890249 -0.0339849
0.0890476 -0.0521041
0.0890703 -0.0659766
0.089093 -0.0751426
0.0891156 -0.0796901
0.0891383 -0.0804603
0.089161 -0.0791034
0.0891837 -0.077394
0.0892063 -0.0763072
0.089229 -0.0756118
0.0892517 -0.0740694
0.0892744 -0.0701573
0.0892971 -0.062641
0.0893197 -0.0507987
0.0893424 -0.0345933
0.0893651 -0.0147902
0.0893878 0.00698364
0.0894104 0.0285071
0.0894331 0.0473611
0.0894558 0.0609589
0.0894785 0.0667046
0.0895011 0.0628719
0.0895238 0.0497936
0.0895465 0.0305978
0.0895692 0.0105225
0.0895918 -0.00511742
0.0896145 -0.0130616
0.0896372 -0.0129718
0.0896599 -0.00705588
0.0896825 0.000892401
0.0897052 0.00663984
0.0897279 0.00657368
0.0897506 -0.00117302
0.0897732 -0.0159904
0.0897959 -0.0350575
0.0898186 -0.0544537
0.0898413 -0.0704628
0.0898639 -0.0804223
0.0898866 -0.083058
0.0899093 -0.0787585
0.089932 -0.0696087
0.0899546 -0.0589564
0.0899773 -0.0502071
0.09 -0.0453038
0.0900227 -0.044027
0.0900454 -0.0445869
0.090068 -0.0449151
0.0900907 -0.0436865
0.0901134 -0.0404433
0.0901361 -0.035185
0.0901587 -0.0280496
0.0901814 -0.0192672
0.0902041 -0.00932527
0.0902268 0.000990272
0.0902494 0.011071
0.0902721 0.0209751
0.0902948 0.0314735
0.0903175 0.0433545
0.0903401 0.0562874
0.0903628 0.0684102
0.0903855 0.0771536
0.0904082 0.0806383
0.0904308 0.0786403
0.0904535 0.0724771
0.0904762 0.0642681
0.0904989 0.0563405
0.0905215 0.050823
0.0905442 0.0490997
0.0905669 0.0511621
0.0905896 0.0552442
0.0906122 0.0584155
0.0906349 0.058174
0.0906576 0.0537689
0.0906803 0.0462257
0.0907029 0.0374939
0.0907256 0.0296659
0.0907483 0.0247743
0.090771 0.0245931
0.0907937 0.0298694
0.0908163 0.0394762
0.090839 0.05041
0.0908617 0.0590858
0.0908844 0.0630536
0.090907 0.0615432
0.0909297 0.0548412
0.0909524 0.0435208
0.0909751 0.0281012
0.0909977 0.00931966
0.0910204 -0.0114676
0.0910431 -0.0321534
0.0910658 -0.050331
0.0910884 -0.064069
0.0911111 -0.0724835
0.0911338 -0.0761684
0.0911565 -0.0770428
0.0911791 -0.077279
0.0912018 -0.0782093
0.0912245 -0.0798258
0.0912472 -0.0811059
0.0912698 -0.0808281
0.0912925 -0.0778682
0.0913152 -0.0709268
0.0913379 -0.058666
0.0913605 -0.0404437
0.0913832 -0.0171424
0.0914059 0.00838745
0.0914286 0.0319746
0.0914512 0.0494452
0.0914739 0.0577596
0.0914966 0.0558969
0.0915193 0.045267
0.091542 0.0294299
0.0915646 0.0130987
0.0915873 0.000591993
0.09161 -0.0055927
0.0916327 -0.00538266
0.0916553 -0.000668049
0.091678 0.00571764
0.0917007 0.0106285
0.0917234 0.0109417
0.091746 0.00427938
0.0917687 -0.00991535
0.0917914 -0.0295888
0.0918141 -0.0503603
0.0918367 -0.0672585
0.0918594 -0.0768015
0.0918821 -0.0783747
0.0919048 -0.0741282
0.0919274 -0.0674976
0.0919501 -0.0613881
0.0919728 -0.0571188
0.0919955 -0.0546113
0.0920181 -0.0532339
0.0920408 -0.0523046
0.0920635 -0.0510597
0.0920862 -0.0486921
0.0921088 -0.044634
0.0921315 -0.0390052
0.0921542 -0.032692
0.0921769 -0.0266527
0.0921995 -0.0210457
0.0922222 -0.0149877
0.0922449 -0.00723338
0.0922676 0.00307143
0.0922902 0.0159358
0.0923129 0.0307055
0.0923356 0.0462341
0.0923583 0.0606909
0.092381 0.0718594
0.0924036 0.0780224
0.0924263 0.0789677
0.092449 0.0762665
0.0924717 0.0722897
0.0924943 0.0689441
0.092517 0.0671761
0.0925397 0.0673177
0.0925624 0.0693438
0.092585 0.0725098
0.0926077 0.0751157
0.0926304 0.0749326
0.0926531 0.0704415
0.0926757 0.0618392
0.0926984 0.0510334
0.0927211 0.0408094
0.0927438 0.0338422
0.0927664 0.031777
0.0927891 0.0349325
0.0928118 0.042194
0.0928345 0.0513279
0.0928571 0.0597831
0.0928798 0.065556
0.0929025 0.0676159
0.0929252 0.0655835
0.0929478 0.0591654
0.0929705 0.0480415
0.0929932 0.0323868
0.0930159 0.0133044
0.0930385 -0.00736082
0.0930612 -0.0273736
0.0930839 -0.0446671
0.0931066 -0.0578362
0.0931293 -0.066403
0.0931519 -0.0710146
0.0931746 -0.073386
0.0931973 -0.0756785
0.09322 -0.0795388
0.0932426 -0.0851213
0.0932653 -0.0908678
0.093288 -0.0941013
0.0933107 -0.0918262
0.0933333 -0.08176
0.093356 -0.0633787
0.0933787 -0.0385095
0.0934014 -0.0111092
0.093424 0.0138941
0.0934467 0.0323374
0.0934694 0.0420301
0.0934921 0.0429705
0.0935147 0.036863
0.0935374 0.0264441
0.0935601 0.0148696
0.0935828 0.00523174
0.0936054 9.13143e-05
0.0936281 0.000728846
0.0936508 0.00639105
0.0936735 0.0141883
0.0936961 0.0199434
0.0937188 0.0199282
0.0937415 0.0123892
0.0937642 -0.00192404
0.0937868 -0.0201035
0.0938095 -0.0384437
0.0938322 -0.0537708
0.0938549 -0.0639554
0.0938776 -0.0681134
0.0939002 -0.0670824
0.0939229 -0.0634005
0.0939456 -0.0601859
0.0939683 -0.0594546
0.0939909 -0.0610377
0.0940136 -0.0630189
0.0940363 -0.0632447
0.094059 -0.0606645
0.0940816 -0.0556668
0.0941043 -0.0494081
0.094127 -0.043155
0.0941497 -0.038067
0.0941723 -0.0348065
0.094195 -0.032943
0.0942177 -0.0306538
0.0942404 -0.0254225
0.094263 -0.0154969
0.0942857 -0.00104344
0.0943084 0.016014
0.0943311 0.0330638
0.0943537 0.0477829
0.0943764 0.0586628
0.0943991 0.0650904
0.0944218 0.0674071
0.0944444 0.0668443
0.0944671 0.0651356
0.0944898 0.0638937
0.0945125 0.0641062
0.0945351 0.0660197
0.0945578 0.0692041
0.0945805 0.0726686
0.0946032 0.0750452
0.0946259 0.0748087
0.0946485 0.0710149
0.0946712 0.0639364
0.0946939 0.0549666
0.0947166 0.0460147
0.0947392 0.0388985
0.0947619 0.035121
0.0947846 0.0356308
0.0948073 0.0404881
0.0948299 0.0485395
0.0948526 0.0575545
0.0948753 0.0650913
0.094898 0.069508
0.0949206 0.0701532
0.0949433 0.0668604
0.094966 0.0593932
0.0949887 0.0474628
0.0950113 0.0312558
0.095034 0.0119016
0.0950567 -0.008582
0.0950794 -0.0275893
0.095102 -0.0428023
0.0951247 -0.053129
0.0951474 -0.0592296
0.0951701 -0.0634267
0.0951927 -0.0687025
0.0952154 -0.0771813
0.0952381 -0.0889268
0.0952608 -0.101509
0.0952834 -0.110751
0.0953061 -0.112516
0.0953288 -0.10452
0.0953515 -0.087091
0.0953741 -0.0628134
0.0953968 -0.0355004
0.0954195 -0.00909746
0.0954422 0.0128297
0.0954649 0.0273209
0.0954875 0.0326693
0.0955102 0.0293671
0.0955329 0.0204765
0.0955556 0.0106373
0.0955782 0.00405061
0.0956009 0.00275767
0.0956236 0.00629985
0.0956463 0.0126618
0.0956689 0.019356
0.0956916 0.0238707
0.0957143 0.0238359
0.095737 0.0176847
0.0957596 0.00564134
0.0957823 -0.0100089
0.095805 -0.0258043
0.0958277 -0.0387605
0.0958503 -0.0474292
0.095873 -0.0518943
0.0958957 -0.053335
0.0959184 -0.0535315
0.095941 -0.0544333
0.0959637 -0.0572289
0.0959864 -0.0613848
0.0960091 -0.0647851
0.0960317 -0.0649672
0.0960544 -0.0607616
0.0960771 -0.0532418
0.0960998 -0.0451202
0.0961224 -0.0390197
0.0961451 -0.0361463
0.0961678 -0.036027
0.0961905 -0.0368702
0.0962132 -0.0362498
0.0962358 -0.0319822
0.0962585 -0.0228198
0.0962812 -0.00894952
0.0963039 0.00802398
0.0963265 0.0256506
0.0963492 0.0414238
0.0963719 0.0534991
0.0963946 0.0610349
0.0964172 0.0643809
0.0964399 0.06497
0.0964626 0.0647144
0.0964853 0.0652386
0.0965079 0.0672426
0.0965306 0.0704309
0.0965533 0.0740513
0.096576 0.0773801
0.0965986 0.0797998
0.0966213 0.080538
0.096644 0.078729
0.0966667 0.0738862
0.0966893 0.0663867
0.096712 0.0574625
0.0967347 0.0488398
0.0967574 0.0423927
0.09678 0.0396097
0.0968027 0.0411065
0.0968254 0.0463451
0.0968481 0.0538329
0.0968707 0.0617292
0.0968934 0.0683835
0.0969161 0.0725598
0.0969388 0.0733469
0.0969615 0.0697432
0.0969841 0.0607468
0.0970068 0.0461189
0.0970295 0.0270405
0.0970522 0.00629473
0.0970748 -0.0124588
0.0970975 -0.0263518
0.0971202 -0.0348063
0.0971429 -0.0398858
0.0971655 -0.0451621
0.0971882 -0.0536222
0.0972109 -0.0662878
0.0972336 -0.0820481
0.0972562 -0.098354
0.0972789 -0.112033
0.0973016 -0.119671
0.0973243 -0.118232
0.0973469 -0.106239
0.0973696 -0.0848578
0.0973923 -0.0579418
0.097415 -0.0306793
0.0974376 -0.00770116
0.0974603 0.00820017
0.097483 0.016233
0.0975057 0.0172412
0.0975283 0.0135423
0.097551 0.00848436
0.0975737 0.00537395
0.0975964 0.00614774
0.097619 0.0106523
0.0976417 0.0170045
0.0976644 0.0229051
0.0976871 0.0265605
0.0977098 0.0267824
0.0977324 0.0227662
0.0977551 0.0143638
0.0977778 0.00262213
0.0978005 -0.01038
0.0978231 -0.0223053
0.0978458 -0.0317336
0.0978685 -0.0387765
0.0978912 -0.0445573
0.0979138 -0.0503676
0.0979365 -0.0568777
0.0979592 -0.0636805
0.0979819 -0.0693587
0.0980045 -0.0721545
0.0980272 -0.0709207
0.0980499 -0.0658157
0.0980726 -0.0584236
0.0980952 -0.0512577
0.0981179 -0.046636
0.0981406 -0.045601
0.0981633 -0.0476222
0.0981859 -0.0509276
0.0982086 -0.0529621
0.0982313 -0.0509732
0.098254 -0.043108
0.0982766 -0.0293679
0.0982993 -0.0117702
0.098322 0.00662851
0.0983447 0.0230584
0.0983673 0.0358418
0.09839 0.0445836
0.0984127 0.0499057
0.0984354 0.0529634
0.098458 0.0550803
0.0984807 0.0573627
0.0985034 0.0604217
0.0985261 0.0643821
0.0985488 0.0689859
0.0985714 0.0737294
0.0985941 0.0779276
0.0986168 0.0807347
0.0986395 0.0813252
0.0986621 0.0790122
0.0986848 0.0735571
0.0987075 0.0655413
0.0987302 0.0563457
0.0987528 0.0479009
0.0987755 0.0422307
0.0987982 0.0407887
0.0988209 0.0440366
0.0988435 0.0513916
0.0988662 0.0615118
0.0988889 0.0724279
0.0989116 0.0815288
0.0989342 0.0860275
0.0989569 0.0839053
0.0989796 0.0747794
0.0990023 0.0601519
0.0990249 0.0426979
0.0990476 0.0250503
0.0990703 0.00912166
0.099093 -0.00385773
0.0991156 -0.0133629
0.0991383 -0.0201236
0.099161 -0.0263852
0.0991837 -0.0351775
0.0992063 -0.048709
0.099229 -0.0668714
0.0992517 -0.0870886
0.0992744 -0.10541
0.0992971 -0.117827
0.0993197 -0.121256
0.0993424 -0.114225
0.0993651 -0.097464
0.0993878 -0.0741339
0.0994104 -0.0490463
0.0994331 -0.0270008
0.0994558 -0.011131
0.0994785 -0.00220704
0.0995011 0.00092566
0.0995238 0.00046587
0.0995465 -0.00107729
0.0995692 -0.00136316
0.0995918 0.00111163
0.0996145 0.00649881
0.0996372 0.0136428
0.0996599 0.020569
0.0996825 0.0253059
0.0997052 0.0265384
0.0997279 0.0239061
0.0997506 0.0179334
0.0997732 0.00974619
0.0997959 0.000661492
0.0998186 -0.00843394
0.0998413 -0.0173584
0.0998639 -0.0263404
0.0998866 -0.0355762
0.0999093 -0.0449456
0.099932 -0.0540076
0.0999546 -0.0621781
0.0999773 -0.0685838
0.1 -0.0720047
0.100023 -0.0713924
0.100045 -0.0667558
0.100068 -0.0596886
0.100091 -0.0529588
0.100113 -0.0491281
0.100136 -0.0492517
0.100159 -0.0524205
0.100181 -0.0562135
0.100204 -0.0577716
0.100227 -0.0549232
0.100249 -0.0467778
0.100272 -0.0338293
0.100295 -0.0177184
0.100317 -0.000662446
0.10034 0.0151479
0.100363 0.0280824
0.100385 0.0374281
0.100408 0.0434257
0.100431 0.047123
0.100454 0.0499502
0.100476 0.0532233
0.100499 0.0578145
0.100522 0.0639901
0.100544 0.071323
0.100567 0.0788611
0.10059 0.0853478
0.100612 0.0896038
0.100635 0.0910001
0.100658 0.0894706
0.10068 0.085115
0.100703 0.0777128
0.100726 0.0671893
0.100748 0.0547554
0.100771 0.0432541
0.100794 0.0364429
0.100816 0.0369295
0.100839 0.0444887
0.100862 0.0563216
0.100884 0.0686264
0.100907 0.0781472
0.10093 0.0828004
0.100952 0.0815337
0.100975 0.0742679
0.100998 0.0621891
0.10102 0.0476846
0.101043 0.0334572
0.101066 0.0214173
0.101088 0.0122558
0.101111 0.00551689
0.101134 -0.000204206
0.101156 -0.00699258
0.101179 -0.0173041
0.101202 -0.0330274
0.101224 -0.0541611
0.101247 -0.0782994
0.10127 -0.101231
0.101293 -0.118321
0.101315 -0.125981
0.101338 -0.122706
0.101361 -0.109307
0.101383 -0.0886241
0.101406 -0.0649918
0.101429 -0.0430745
0.101451 -0.0263809
0.101474 -0.016371
0.101497 -0.0123351
0.101519 -0.0119117
0.101542 -0.0119869
0.101565 -0.00986052
0.101587 -0.00440669
0.10161 0.00354099
0.101633 0.0117437
0.101655 0.0179174
0.101678 0.0209662
0.101701 0.0212005
0.101723 0.0194784
0.101746 0.0164541
0.101769 0.0123913
0.101791 0.00726962
0.101814 0.00100505
0.101837 -0.00652325
0.101859 -0.0154543
0.101882 -0.0257391
0.101905 -0.0369012
0.101927 -0.0479616
0.10195 -0.0576167
0.101973 -0.064555
0.101995 -0.0678993
0.102018 -0.0676219
0.102041 -0.0646389
0.102063 -0.0606247
0.102086 -0.0575253
0.102109 -0.0567617
0.102132 -0.058576
0.102154 -0.0621002
0.102177 -0.0657271
0.1022 -0.0674876
0.102222 -0.0655725
0.102245 -0.0589345
0.102268 -0.0477176
0.10229 -0.0331221
0.102313 -0.0169574
0.102336 -0.0012238
0.102358 0.0122724
0.102381 0.0222368
0.102404 0.0285183
0.102426 0.0325006
0.102449 0.0364112
0.102472 0.0420855
0.102494 0.0499039
0.102517 0.0588746
0.10254 0.0676862
0.102562 0.0757803
0.102585 0.0834291
0.102608 0.0906739
0.10263 0.0964946
0.102653 0.0992217
0.102676 0.0975133
0.102698 0.0910174
0.102721 0.0805105
0.102744 0.0678447
0.102766 0.0558839
0.102789 0.0480238
0.102812 0.0469177
0.102834 0.0530668
0.102857 0.0643077
0.10288 0.0767763
0.102902 0.0865582
0.102925 0.090904
0.102948 0.0886837
0.102971 0.0803864
0.102993 0.0678315
0.103016 0.0537258
0.103039 0.0410004
0.103061 0.0317676
0.103084 0.0263909
0.103107 0.0234948
0.103129 0.0205653
0.103152 0.0147421
0.103175 0.00363004
0.103197 -0.0139301
0.10322 -0.0372516
0.103243 -0.0637217
0.103265 -0.0894624
0.103288 -0.110444
0.103311 -0.123279
0.103333 -0.125871
0.103356 -0.118056
0.103379 -0.102032
